downstream_003
             x                       y                       z
   3.19195e-02             4.55858e-02             8.00000e-02
   3.14154e-02             4.42660e-02             8.00000e-02
   3.04196e-02             4.16588e-02             8.00000e-02
   2.89186e-02             3.78551e-02             8.00000e-02
   2.69479e-02             3.29496e-02             8.00000e-02
   2.45681e-02             2.70546e-02             8.00000e-02
   2.18065e-02             2.03372e-02             8.00000e-02
   1.86641e-02             1.30097e-02             8.00000e-02
   1.51260e-02             5.31710e-03             8.00000e-02
   1.11935e-02            -2.49107e-03             8.00000e-02
   6.87158e-03            -1.01582e-02             8.00000e-02
   2.18477e-03            -1.74382e-02             8.00000e-02
  -2.78304e-03            -2.41297e-02             8.00000e-02
  -7.88151e-03            -3.00876e-02             8.00000e-02
  -1.29345e-02            -3.52006e-02             8.00000e-02
  -1.77296e-02            -3.94044e-02             8.00000e-02
  -2.20459e-02            -4.26675e-02             8.00000e-02
  -2.58664e-02            -4.48470e-02             8.00000e-02
  -2.88924e-02            -4.60326e-02             8.00000e-02
  -3.19195e-02            -4.55858e-02             8.00000e-02
  -3.23150e-02            -4.36361e-02             8.00000e-02
  -3.15818e-02            -4.08451e-02             8.00000e-02
  -3.00159e-02            -3.70868e-02             8.00000e-02
  -2.76375e-02            -3.24668e-02             8.00000e-02
  -2.45287e-02            -2.70822e-02             8.00000e-02
  -2.07461e-02            -2.10797e-02             8.00000e-02
  -1.63460e-02            -1.46328e-02             8.00000e-02
  -1.13588e-02            -7.95490e-03             8.00000e-02
  -5.90500e-03            -1.21196e-03             8.00000e-02
  -1.60663e-04             5.45918e-03             8.00000e-02
   5.63625e-03             1.19619e-02             8.00000e-02
   1.12547e-02             1.81978e-02             8.00000e-02
   1.64652e-02             2.40772e-02             8.00000e-02
   2.10676e-02             2.95057e-02             8.00000e-02
   2.49178e-02             3.43711e-02             8.00000e-02
   2.79146e-02             3.85582e-02             8.00000e-02
   3.00122e-02             4.19441e-02             8.00000e-02
   3.12785e-02             4.43619e-02             8.00000e-02
   3.19195e-02             4.55858e-02             8.00000e-02

   3.03158e-02             4.58229e-02             9.66211e-02
   2.98527e-02             4.45071e-02             9.66211e-02
   2.89378e-02             4.19080e-02             9.66211e-02
   2.75554e-02             3.81148e-02             9.66211e-02
   2.57382e-02             3.32219e-02             9.66211e-02
   2.35430e-02             2.73418e-02             9.66211e-02
   2.09924e-02             2.06400e-02             9.66211e-02
   1.80818e-02             1.33262e-02             9.66211e-02
   1.47902e-02             5.64179e-03             9.66211e-02
   1.11124e-02            -2.16700e-03             9.66211e-02
   7.04659e-03            -9.84676e-03             9.66211e-02
   2.61054e-03            -1.71539e-02             9.66211e-02
  -2.11818e-03            -2.38876e-02             9.66211e-02
  -6.99497e-03            -2.99006e-02             9.66211e-02
  -1.18489e-02            -3.50785e-02             9.66211e-02
  -1.64719e-02            -3.93524e-02             9.66211e-02
  -2.06470e-02            -4.26854e-02             9.66211e-02
  -2.43608e-02            -4.49360e-02             9.66211e-02
  -2.73165e-02            -4.61850e-02             9.66211e-02
  -3.03158e-02            -4.58229e-02             9.66211e-02
  -3.07570e-02            -4.39088e-02             9.66211e-02
  -3.01059e-02            -4.11352e-02             9.66211e-02
  -2.86584e-02            -3.73851e-02             9.66211e-02
  -2.64314e-02            -3.27634e-02             9.66211e-02
  -2.35034e-02            -2.73680e-02             9.66211e-02
  -1.99264e-02            -2.13453e-02             9.66211e-02
  -1.57517e-02            -1.48678e-02             9.66211e-02
  -1.10035e-02            -8.14706e-03             9.66211e-02
  -5.79643e-03            -1.34998e-03             9.66211e-02
  -3.00777e-04             5.38381e-03             9.66211e-02
   5.25116e-03             1.19527e-02             9.66211e-02
   1.06338e-02             1.82537e-02             9.66211e-02
   1.56233e-02             2.41922e-02             9.66211e-02
   2.00243e-02             2.96697e-02             9.66211e-02
   2.36975e-02             3.45720e-02             9.66211e-02
   2.65461e-02             3.87825e-02             9.66211e-02
   2.85282e-02             4.21789e-02             9.66211e-02
   2.97150e-02             4.45982e-02             9.66211e-02
   3.03158e-02             4.58229e-02             9.66211e-02

   2.75944e-02             4.65987e-02             1.13242e-01
   2.72031e-02             4.52807e-02             1.13242e-01
   2.64300e-02             4.26770e-02             1.13242e-01
   2.52554e-02             3.88750e-02             1.13242e-01
   2.37067e-02             3.39690e-02             1.13242e-01
   2.18343e-02             2.80725e-02             1.13242e-01
   1.96525e-02             2.13497e-02             1.13242e-01
   1.71463e-02             1.40068e-02             1.13242e-01
   1.42832e-02             6.28024e-03             1.13242e-01
   1.10460e-02            -1.58768e-03             1.13242e-01
   7.42047e-03            -9.34763e-03             1.13242e-01
   3.41219e-03            -1.67589e-02             1.13242e-01
  -9.12368e-04            -2.36200e-02             1.13242e-01
  -5.41807e-03            -2.97790e-02             1.13242e-01
  -9.94222e-03            -3.51147e-02             1.13242e-01
  -1.42836e-02            -3.95491e-02             1.13242e-01
  -1.82300e-02            -4.30352e-02             1.13242e-01
  -2.17756e-02            -4.54333e-02             1.13242e-01
  -2.46240e-02            -4.68079e-02             1.13242e-01
  -2.75944e-02            -4.65987e-02             1.13242e-01
  -2.81227e-02            -4.47361e-02             1.13242e-01
  -2.76180e-02            -4.19736e-02             1.13242e-01
  -2.63771e-02            -3.82108e-02             1.13242e-01
  -2.44116e-02            -3.35516e-02             1.13242e-01
  -2.17941e-02            -2.80964e-02             1.13242e-01
  -1.85685e-02            -2.19917e-02             1.13242e-01
  -1.47767e-02            -1.54100e-02             1.13242e-01
  -1.04323e-02            -8.56061e-03             1.13242e-01
  -5.64000e-03            -1.61359e-03             1.13242e-01
  -5.60443e-04             5.28531e-03             1.13242e-01
   4.58261e-03             1.20246e-02             1.13242e-01
   9.57221e-03             1.84919e-02             1.13242e-01
   1.41925e-02             2.45830e-02             1.13242e-01
   1.82561e-02             3.01915e-02             1.13242e-01
   2.16315e-02             3.51979e-02             1.13242e-01
   2.42291e-02             3.94828e-02             1.13242e-01
   2.60136e-02             4.29237e-02             1.13242e-01
   2.70631e-02             4.53635e-02             1.13242e-01
   2.75944e-02             4.65987e-02             1.13242e-01

   2.33147e-02             4.81257e-02             1.29863e-01
   2.30382e-02             4.67965e-02             1.29863e-01
   2.24920e-02             4.41709e-02             1.29863e-01
   2.16493e-02             4.03330e-02             1.29863e-01
   2.05295e-02             3.53779e-02             1.29863e-01
   1.91727e-02             2.94216e-02             1.29863e-01
   1.75795e-02             2.26267e-02             1.29863e-01
   1.57182e-02             1.51948e-02             1.29863e-01
   1.35373e-02             7.35615e-03             1.29863e-01
   1.10000e-02            -6.52479e-04             1.29863e-01
   8.07162e-03            -8.58684e-03             1.29863e-01
   4.73791e-03            -1.62097e-02             1.29863e-01
   1.04767e-03            -2.33172e-02             1.29863e-01
  -2.87864e-03            -2.97486e-02             1.29863e-01
  -6.89091e-03            -3.53716e-02             1.29863e-01
  -1.07975e-02            -4.00926e-02             1.29863e-01
  -1.43937e-02            -4.38480e-02             1.29863e-01
  -1.76850e-02            -4.64997e-02             1.29863e-01
  -2.03746e-02            -4.80869e-02             1.29863e-01
  -2.33147e-02            -4.81257e-02             1.29863e-01
  -2.39880e-02            -4.63364e-02             1.29863e-01
  -2.37189e-02            -4.35765e-02             1.29863e-01
  -2.28078e-02            -3.97717e-02             1.29863e-01
  -2.12575e-02            -3.50252e-02             1.29863e-01
  -1.91311e-02            -2.94418e-02             1.29863e-01
  -1.64600e-02            -2.31691e-02             1.29863e-01
  -1.32710e-02            -1.63804e-02             1.29863e-01
  -9.56025e-03            -9.28285e-03             1.29863e-01
  -5.41683e-03            -2.05229e-03             1.29863e-01
  -9.86792e-04             5.15456e-03             1.29863e-01
   3.51887e-03             1.22096e-02             1.29863e-01
   7.89594e-03             1.89844e-02             1.29863e-01
   1.19406e-02             2.53585e-02             1.29863e-01
   1.54772e-02             3.12119e-02             1.29863e-01
   1.83862e-02             3.64162e-02             1.29863e-01
   2.05893e-02             4.08465e-02             1.29863e-01
   2.20619e-02             4.43793e-02             1.29863e-01
   2.28937e-02             4.68665e-02             1.29863e-01
   2.33147e-02             4.81257e-02             1.29863e-01

   1.96724e-02             4.89126e-02             1.46484e-01
   1.94904e-02             4.75866e-02             1.46484e-01
   1.91310e-02             4.49672e-02             1.46484e-01
   1.85621e-02             4.11353e-02             1.46484e-01
   1.77962e-02             3.61860e-02             1.46484e-01
   1.68650e-02             3.02358e-02             1.46484e-01
   1.57582e-02             2.34448e-02             1.46484e-01
   1.44307e-02             1.60092e-02             1.46484e-01
   1.28165e-02             8.15178e-03             1.46484e-01
   1.08632e-02             1.03102e-04             1.46484e-01
   8.52026e-03            -7.89901e-03             1.46484e-01
   5.75757e-03            -1.56222e-02             1.46484e-01
   2.60933e-03            -2.28626e-02             1.46484e-01
  -8.16889e-04            -2.94541e-02             1.46484e-01
  -4.38240e-03            -3.52563e-02             1.46484e-01
  -7.90507e-03            -4.01641e-02             1.46484e-01
  -1.11878e-02            -4.41012e-02             1.46484e-01
  -1.42454e-02            -4.69321e-02             1.46484e-01
  -1.67833e-02            -4.86754e-02             1.46484e-01
  -1.96724e-02            -4.89126e-02             1.46484e-01
  -2.04557e-02            -4.71984e-02             1.46484e-01
  -2.03779e-02            -4.44657e-02             1.46484e-01
  -1.97394e-02            -4.06618e-02             1.46484e-01
  -1.85360e-02            -3.58884e-02             1.46484e-01
  -1.68228e-02            -3.02528e-02             1.46484e-01
  -1.46203e-02            -2.39024e-02             1.46484e-01
  -1.19435e-02            -1.70095e-02             1.46484e-01
  -8.77438e-03            -9.77748e-03             1.46484e-01
  -5.18874e-03            -2.38532e-03             1.46484e-01
  -1.31959e-03             5.00294e-03             1.46484e-01
   2.63422e-03             1.22470e-02             1.46484e-01
   6.48053e-03             1.92067e-02             1.46484e-01
   1.00270e-02             2.57498e-02             1.46484e-01
   1.31091e-02             3.17464e-02             1.46484e-01
   1.56179e-02             3.70621e-02             1.46484e-01
   1.74847e-02             4.15686e-02             1.46484e-01
   1.86938e-02             4.51430e-02             1.46484e-01
   1.93435e-02             4.76457e-02             1.46484e-01
   1.96724e-02             4.89126e-02             1.46484e-01

   1.63937e-02             4.94060e-02             1.63105e-01
   1.62955e-02             4.80881e-02             1.63105e-01
   1.61015e-02             4.54847e-02             1.63105e-01
   1.57754e-02             4.16737e-02             1.63105e-01
   1.53234e-02             3.67494e-02             1.63105e-01
   1.47700e-02             3.08286e-02             1.63105e-01
   1.40947e-02             2.40685e-02             1.63105e-01
   1.32415e-02             1.66597e-02             1.63105e-01
   1.21315e-02             8.81763e-03             1.63105e-01
   1.06991e-02             7.66328e-04             1.63105e-01
   8.87986e-03            -7.26292e-03             1.63105e-01
   6.62988e-03            -1.50429e-02             1.63105e-01
   3.97040e-03            -2.23709e-02             1.63105e-01
   9.97292e-04            -2.90763e-02             1.63105e-01
  -2.16140e-03            -3.50124e-02             1.63105e-01
  -5.33259e-03            -4.00645e-02             1.63105e-01
  -8.32669e-03            -4.41453e-02             1.63105e-01
  -1.11667e-02            -4.71222e-02             1.63105e-01
  -1.35610e-02            -4.89954e-02             1.63105e-01
  -1.63937e-02            -4.94060e-02             1.63105e-01
  -1.72705e-02            -4.77645e-02             1.63105e-01
  -1.73610e-02            -4.50668e-02             1.63105e-01
  -1.69646e-02            -4.12791e-02             1.63105e-01
  -1.60708e-02            -3.65014e-02             1.63105e-01
  -1.47273e-02            -3.08428e-02             1.63105e-01
  -1.29453e-02            -2.44499e-02             1.63105e-01
  -1.07292e-02            -1.74933e-02             1.63105e-01
  -8.04865e-03            -1.01724e-02             1.63105e-01
  -4.96742e-03            -2.66818e-03             1.63105e-01
  -1.60656e-03             4.84953e-03             1.63105e-01
   1.84656e-03             1.22303e-02             1.63105e-01
   5.21114e-03             1.93243e-02             1.63105e-01
   8.30575e-03             2.59894e-02             1.63105e-01
   1.09761e-02             3.20875e-02             1.63105e-01
   1.31232e-02             3.74794e-02             1.63105e-01
   1.46872e-02             4.20348e-02             1.63105e-01
   1.56600e-02             4.56312e-02             1.63105e-01
   1.61471e-02             4.81373e-02             1.63105e-01
   1.63937e-02             4.94060e-02             1.63105e-01

   1.38177e-02             4.94633e-02             1.79726e-01
   1.37833e-02             4.81599e-02             1.79726e-01
   1.37153e-02             4.55852e-02             1.79726e-01
   1.35742e-02             4.18142e-02             1.79726e-01
   1.33618e-02             3.69401e-02             1.79726e-01
   1.30965e-02             3.10793e-02             1.79726e-01
   1.27509e-02             2.43855e-02             1.79726e-01
   1.22607e-02             1.70440e-02             1.79726e-01
   1.15379e-02             9.26343e-03             1.79726e-01
   1.05073e-02             1.26142e-03             1.79726e-01
   9.09440e-03            -6.73717e-03             1.79726e-01
   7.24525e-03            -1.45105e-02             1.79726e-01
   4.97116e-03            -2.18577e-02             1.79726e-01
   2.35855e-03            -2.86064e-02             1.79726e-01
  -4.73349e-04            -3.46056e-02             1.79726e-01
  -3.35939e-03            -3.97343e-02             1.79726e-01
  -6.11688e-03            -4.38974e-02             1.79726e-01
  -8.77474e-03            -4.69654e-02             1.79726e-01
  -1.10456e-02            -4.89247e-02             1.79726e-01
  -1.38177e-02            -4.94633e-02             1.79726e-01
  -1.47594e-02            -4.78872e-02             1.79726e-01
  -1.49763e-02            -4.52330e-02             1.79726e-01
  -1.47648e-02            -4.14816e-02             1.79726e-01
  -1.41100e-02            -3.67311e-02             1.79726e-01
  -1.30538e-02            -3.10912e-02             1.79726e-01
  -1.16003e-02            -2.47069e-02             1.79726e-01
  -9.74548e-03            -1.77466e-02             1.79726e-01
  -7.45032e-03            -1.04053e-02             1.79726e-01
  -4.76895e-03            -2.86442e-03             1.79726e-01
  -1.81266e-03             4.70300e-03             1.79726e-01
   1.24103e-03             1.21399e-02             1.79726e-01
   4.22104e-03             1.92899e-02             1.79726e-01
   6.95529e-03             2.60045e-02             1.79726e-01
   9.29831e-03             3.21403e-02             1.79726e-01
   1.11590e-02             3.75554e-02             1.79726e-01
   1.24847e-02             4.21185e-02             1.79726e-01
   1.32732e-02             4.57087e-02             1.79726e-01
   1.36347e-02             4.82014e-02             1.79726e-01
   1.38177e-02             4.94633e-02             1.79726e-01

   1.17895e-02             4.92598e-02             1.96347e-01
   1.18038e-02             4.79740e-02             1.96347e-01
   1.18320e-02             4.54340e-02             1.96347e-01
   1.18324e-02             4.17122e-02             1.96347e-01
   1.18033e-02             3.69006e-02             1.96347e-01
   1.17585e-02             3.11146e-02             1.96347e-01
   1.16653e-02             2.45047e-02             1.96347e-01
   1.14536e-02             1.72511e-02             1.96347e-01
   1.10288e-02             9.55619e-03             1.96347e-01
   1.03089e-02             1.63163e-03             1.96347e-01
   9.21212e-03            -6.30367e-03             1.96347e-01
   7.67704e-03            -1.40331e-02             1.96347e-01
   5.70741e-03            -2.13583e-02             1.96347e-01
   3.38201e-03            -2.81061e-02             1.96347e-01
   8.12786e-04            -3.41233e-02             1.96347e-01
  -1.84198e-03            -3.92846e-02             1.96347e-01
  -4.40574e-03            -4.34896e-02             1.96347e-01
  -6.91180e-03            -4.66115e-02             1.96347e-01
  -9.07747e-03            -4.86265e-02             1.96347e-01
  -1.17895e-02            -4.92598e-02             1.96347e-01
  -1.27759e-02            -4.77413e-02             1.96347e-01
  -1.30878e-02            -4.51334e-02             1.96347e-01
  -1.30181e-02            -4.14284e-02             1.96347e-01
  -1.25484e-02            -3.67222e-02             1.96347e-01
  -1.17159e-02            -3.11248e-02             1.96347e-01
  -1.05194e-02            -2.47790e-02             1.96347e-01
  -8.94868e-03            -1.78506e-02             1.96347e-01
  -6.95806e-03            -1.05305e-02             1.96347e-01
  -4.59419e-03            -2.99935e-03             1.96347e-01
  -1.96034e-03             4.56807e-03             1.96347e-01
   7.74318e-04             1.20104e-02             1.96347e-01
   3.44697e-03             1.91674e-02             1.96347e-01
   5.89351e-03             2.58861e-02             1.96347e-01
   7.97587e-03             3.20199e-02             1.96347e-01
   9.60951e-03             3.74256e-02             1.96347e-01
   1.07474e-02             4.19718e-02             1.96347e-01
   1.13918e-02             4.55393e-02             1.96347e-01
   1.16559e-02             4.80094e-02             1.96347e-01
   1.17895e-02             4.92598e-02             1.96347e-01

   1.00871e-02             4.89121e-02             2.12968e-01
   1.01412e-02             4.76454e-02             2.12968e-01
   1.02479e-02             4.51431e-02             2.12968e-01
   1.03640e-02             4.14752e-02             2.12968e-01
   1.04849e-02             3.67325e-02             2.12968e-01
   1.06206e-02             3.10290e-02             2.12968e-01
   1.07343e-02             2.45121e-02             2.12968e-01
   1.07512e-02             1.73571e-02             2.12968e-01
   1.05718e-02             9.76052e-03             2.12968e-01
   1.01087e-02             1.92848e-03             2.12968e-01
   9.27454e-03            -5.92587e-03             2.12968e-01
   8.00202e-03            -1.35910e-02             2.12968e-01
   6.28869e-03            -2.08712e-02             2.12968e-01
   4.20679e-03            -2.75934e-02             2.12968e-01
   1.86190e-03            -3.36033e-02             2.12968e-01
  -5.93909e-04            -3.87723e-02             2.12968e-01
  -2.98977e-03            -4.29960e-02             2.12968e-01
  -5.36243e-03            -4.61506e-02             2.12968e-01
  -7.43406e-03            -4.82037e-02             2.12968e-01
  -1.00871e-02            -4.89121e-02             2.12968e-01
  -1.11064e-02            -4.74463e-02             2.12968e-01
  -1.14949e-02            -4.48859e-02             2.12968e-01
  -1.15414e-02            -4.12324e-02             2.12968e-01
  -1.12248e-02            -3.65799e-02             2.12968e-01
  -1.05784e-02            -3.10377e-02             2.12968e-01
  -9.59648e-03            -2.47468e-02             2.12968e-01
  -8.26396e-03            -1.78700e-02             2.12968e-01
  -6.52979e-03            -1.05941e-02             2.12968e-01
  -4.43433e-03            -3.09870e-03             2.12968e-01
  -2.07394e-03             4.44089e-03             2.12968e-01
   3.89686e-04             1.18604e-02             2.12968e-01
   2.80108e-03             1.89966e-02             2.12968e-01
   5.00326e-03             2.56940e-02             2.12968e-01
   6.86473e-03             3.18036e-02             2.12968e-01
   8.30662e-03             3.71817e-02             2.12968e-01
   9.28665e-03             4.16974e-02             2.12968e-01
   9.81078e-03             4.52332e-02             2.12968e-01
   9.99425e-03             4.76757e-02             2.12968e-01
   1.00871e-02             4.89121e-02             2.12968e-01

   8.93363e-03             4.84245e-02             2.29589e-01
   9.01307e-03             4.71768e-02             2.29589e-01
   9.16999e-03             4.47124e-02             2.29589e-01
   9.36011e-03             4.10991e-02             2.29589e-01
   9.57724e-03             3.64264e-02             2.29589e-01
   9.82880e-03             3.08068e-02             2.29589e-01
   1.00754e-02             2.43850e-02             2.29589e-01
   1.02398e-02             1.73321e-02             2.29589e-01
   1.02199e-02             9.83994e-03             2.29589e-01
   9.92503e-03             2.10977e-03             2.29589e-01
   9.26493e-03            -5.65005e-03             2.29589e-01
   8.16880e-03            -1.32324e-02             2.29589e-01
   6.63017e-03            -2.04444e-02             2.29589e-01
   4.71670e-03            -2.71139e-02             2.29589e-01
   2.52926e-03            -3.30867e-02             2.29589e-01
   2.15135e-04            -3.82329e-02             2.29589e-01
  -2.05942e-03            -4.24460e-02             2.29589e-01
  -4.33319e-03            -4.56047e-02             2.29589e-01
  -6.33295e-03            -4.76713e-02             2.29589e-01
  -8.93363e-03            -4.84245e-02             2.29589e-01
  -9.96870e-03            -4.70005e-02             2.29589e-01
  -1.04045e-02            -4.44846e-02             2.29589e-01
  -1.05258e-02            -4.08841e-02             2.29589e-01
  -1.03097e-02            -3.62912e-02             2.29589e-01
  -9.78696e-03            -3.08145e-02             2.29589e-01
  -8.94895e-03            -2.45928e-02             2.29589e-01
  -7.77738e-03            -1.77864e-02             2.29589e-01
  -6.21812e-03            -1.05782e-02             2.29589e-01
  -4.30725e-03            -3.14617e-03             2.29589e-01
  -2.13613e-03             4.33488e-03             2.29589e-01
   1.39242e-04             1.16997e-02             2.29589e-01
   2.36897e-03             1.87842e-02             2.29589e-01
   4.40152e-03             2.54317e-02             2.29589e-01
   6.11035e-03             3.14928e-02             2.29589e-01
   7.42068e-03             3.68242e-02             2.29589e-01
   8.29353e-03             4.12959e-02             2.29589e-01
   8.73719e-03             4.47922e-02             2.29589e-01
   8.86761e-03             4.72037e-02             2.29589e-01
   8.93363e-03             4.84245e-02             2.29589e-01

   7.94121e-03             4.78796e-02             2.46211e-01
   8.04172e-03             4.66515e-02             2.46211e-01
   8.24026e-03             4.42257e-02             2.46211e-01
   8.49197e-03             4.06683e-02             2.46211e-01
   8.78918e-03             3.60674e-02             2.46211e-01
   9.13718e-03             3.05340e-02             2.46211e-01
   9.49462e-03             2.42099e-02             2.46211e-01
   9.78220e-03             1.72625e-02             2.46211e-01
   9.89603e-03             9.87892e-03             2.46211e-01
   9.74316e-03             2.25588e-03             2.46211e-01
   9.23088e-03            -5.40288e-03             2.46211e-01
   8.28574e-03            -1.28945e-02             2.46211e-01
   6.89794e-03            -2.00291e-02             2.46211e-01
   5.13109e-03            -2.66357e-02             2.46211e-01
   3.08184e-03            -3.25607e-02             2.46211e-01
   8.93018e-04            -3.76733e-02             2.46211e-01
  -1.27343e-03            -4.18656e-02             2.46211e-01
  -3.45787e-03            -4.50189e-02             2.46211e-01
  -5.39175e-03            -4.70911e-02             2.46211e-01
  -7.94121e-03            -4.78796e-02             2.46211e-01
  -8.98659e-03            -4.64948e-02             2.46211e-01
  -9.46084e-03            -4.40232e-02             2.46211e-01
  -9.64450e-03            -4.04772e-02             2.46211e-01
  -9.51342e-03            -3.59473e-02             2.46211e-01
  -9.09580e-03            -3.05409e-02             2.46211e-01
  -8.38080e-03            -2.43947e-02             2.46211e-01
  -7.34750e-03            -1.76663e-02             2.46211e-01
  -5.93931e-03            -1.05352e-02             2.46211e-01
  -4.18859e-03            -3.17715e-03             2.46211e-01
  -2.18229e-03             4.23381e-03             2.46211e-01
  -7.11790e-05             1.15321e-02             2.46211e-01
   1.99994e-03             1.85533e-02             2.46211e-01
   3.88454e-03             2.51404e-02             2.46211e-01
   5.46057e-03             3.11438e-02             2.46211e-01
   6.65688e-03             3.64211e-02             2.46211e-01
   7.43739e-03             4.08432e-02             2.46211e-01
   7.81232e-03             4.42966e-02             2.46211e-01
   7.89789e-03             4.66754e-02             2.46211e-01
   7.94121e-03             4.78796e-02             2.46211e-01

   7.10986e-03             4.72775e-02             2.62832e-01
   7.22712e-03             4.60694e-02             2.62832e-01
   7.45874e-03             4.36830e-02             2.62832e-01
   7.75956e-03             4.01829e-02             2.62832e-01
   8.12071e-03             3.56556e-02             2.62832e-01
   8.54575e-03             3.02106e-02             2.62832e-01
   8.99185e-03             2.39870e-02             2.62832e-01
   9.37840e-03             1.71483e-02             2.62832e-01
   9.60030e-03             9.87748e-03             2.62832e-01
   9.56308e-03             2.36682e-03             2.62832e-01
   9.17238e-03            -5.18437e-03             2.62832e-01
   8.35284e-03            -1.25774e-02             2.62832e-01
   7.09200e-03            -1.96252e-02             2.62832e-01
   5.44995e-03            -2.61588e-02             2.62832e-01
   3.51962e-03            -3.20251e-02             2.62832e-01
   1.43974e-03            -3.70934e-02             2.62832e-01
  -6.31785e-04            -4.12548e-02             2.62832e-01
  -2.73649e-03            -4.43932e-02             2.62832e-01
  -4.61047e-03            -4.64630e-02             2.62832e-01
  -7.10986e-03            -4.72775e-02             2.62832e-01
  -8.16011e-03            -4.59291e-02             2.62832e-01
  -8.66398e-03            -4.35018e-02             2.62832e-01
  -8.89760e-03            -4.00118e-02             2.62832e-01
  -8.83585e-03            -3.55481e-02             2.62832e-01
  -8.50489e-03            -3.02168e-02             2.62832e-01
  -7.89203e-03            -2.41524e-02             2.62832e-01
  -6.97432e-03            -1.75099e-02             2.62832e-01
  -5.69333e-03            -1.04650e-02             2.62832e-01
  -4.07835e-03            -3.19165e-03             2.62832e-01
  -2.21242e-03             4.13769e-03             2.62832e-01
  -2.41576e-04             1.13576e-02             2.62832e-01
   1.69400e-03             1.83040e-02             2.62832e-01
   3.45231e-03             2.48200e-02             2.62832e-01
   4.91537e-03             3.07566e-02             2.62832e-01
   6.01522e-03             3.59722e-02             2.62832e-01
   6.71824e-03             4.03395e-02             2.62832e-01
   7.03619e-03             4.37466e-02             2.62832e-01
   7.08510e-03             4.60908e-02             2.62832e-01
   7.10986e-03             4.72775e-02             2.62832e-01

   6.43854e-03             4.66387e-02             2.79453e-01
   6.56837e-03             4.54505e-02             2.79453e-01
   6.82485e-03             4.31033e-02             2.79453e-01
   7.16271e-03             3.96604e-02             2.79453e-01
   7.57220e-03             3.52066e-02             2.79453e-01
   8.05552e-03             2.98500e-02             2.79453e-01
   8.56885e-03             2.37269e-02             2.79453e-01
   9.03085e-03             1.69975e-02             2.79453e-01
   9.33587e-03             9.84056e-03             2.79453e-01
   9.38858e-03             2.44439e-03             2.79453e-01
   9.09371e-03            -4.99590e-03             2.79453e-01
   8.37468e-03            -1.22855e-02             2.79453e-01
   7.21699e-03            -1.92406e-02             2.79453e-01
   5.67780e-03            -2.56937e-02             2.79453e-01
   3.84681e-03            -3.14932e-02             2.79453e-01
   1.85906e-03            -3.65086e-02             2.79453e-01
  -1.31250e-04            -4.06311e-02             2.79453e-01
  -2.16641e-03            -4.37464e-02             2.79453e-01
  -3.98709e-03            -4.58068e-02             2.79453e-01
  -6.43854e-03            -4.66387e-02             2.79453e-01
  -7.48876e-03            -4.53234e-02             2.79453e-01
  -8.01380e-03            -4.29392e-02             2.79453e-01
  -8.28537e-03            -3.95054e-02             2.79453e-01
  -8.27767e-03            -3.51092e-02             2.79453e-01
  -8.01522e-03            -2.98556e-02             2.79453e-01
  -7.48389e-03            -2.38767e-02             2.79453e-01
  -6.65926e-03            -1.73249e-02             2.79453e-01
  -5.48169e-03            -1.03726e-02             2.79453e-01
  -3.97797e-03            -3.19133e-03             2.79453e-01
  -2.22779e-03             4.04805e-03             2.79453e-01
  -3.73016e-04             1.11809e-02             2.79453e-01
   1.45029e-03             1.80440e-02             2.79453e-01
   3.10416e-03             2.44813e-02             2.79453e-01
   4.47420e-03             3.03444e-02             2.79453e-01
   5.49516e-03             3.54934e-02             2.79453e-01
   6.13546e-03             3.98022e-02             2.79453e-01
   6.40800e-03             4.31609e-02             2.79453e-01
   6.42827e-03             4.54698e-02             2.79453e-01
   6.43854e-03             4.66387e-02             2.79453e-01

   5.82317e-03             4.59988e-02             2.96074e-01
   5.96420e-03             4.48302e-02             2.96074e-01
   6.24279e-03             4.25217e-02             2.96074e-01
   6.61368e-03             3.91350e-02             2.96074e-01
   7.06631e-03             3.47537e-02             2.96074e-01
   7.60167e-03             2.94841e-02             2.96074e-01
   8.17506e-03             2.34601e-02             2.96074e-01
   8.70465e-03             1.68384e-02             2.96074e-01
   9.08437e-03             9.79402e-03             2.96074e-01
   9.21830e-03             2.51122e-03             2.96074e-01
   9.01043e-03            -4.81887e-03             2.96074e-01
   8.38320e-03            -1.20053e-02             2.96074e-01
   7.32028e-03            -1.88671e-02             2.96074e-01
   5.87613e-03            -2.52389e-02             2.96074e-01
   4.13738e-03            -3.09702e-02             2.96074e-01
   2.23556e-03            -3.59312e-02             2.96074e-01
   3.21310e-04            -4.00129e-02             2.96074e-01
  -1.64827e-03            -4.31033e-02             2.96074e-01
  -3.41833e-03            -4.51525e-02             2.96074e-01
  -5.82317e-03            -4.59988e-02             2.96074e-01
  -6.87196e-03            -4.47153e-02             2.96074e-01
  -7.41543e-03            -4.23732e-02             2.96074e-01
  -7.72094e-03            -3.89948e-02             2.96074e-01
  -7.76211e-03            -3.46656e-02             2.96074e-01
  -7.56192e-03            -2.94892e-02             2.96074e-01
  -7.10499e-03            -2.35956e-02             2.96074e-01
  -6.36558e-03            -1.71346e-02             2.96074e-01
  -5.28307e-03            -1.02752e-02             2.96074e-01
  -3.88192e-03            -3.18678e-03             2.96074e-01
  -2.23871e-03             3.96161e-03             2.96074e-01
  -4.91312e-04             1.10062e-02             2.96074e-01
   1.22808e-03             1.77849e-02             2.96074e-01
   2.78535e-03             2.41424e-02             2.96074e-01
   4.06948e-03             2.99313e-02             2.96074e-01
   5.01777e-03             3.50130e-02             2.96074e-01
   5.60052e-03             3.92632e-02             2.96074e-01
   5.83167e-03             4.25737e-02             2.96074e-01
   5.82603e-03             4.48477e-02             2.96074e-01
   5.82317e-03             4.59988e-02             2.96074e-01

   5.29026e-03             4.53635e-02             3.12695e-01
   5.44049e-03             4.42138e-02             3.12695e-01
   5.73724e-03             4.19427e-02             3.12695e-01
   6.13534e-03             3.86105e-02             3.12695e-01
   6.62358e-03             3.42995e-02             3.12695e-01
   7.20190e-03             2.91144e-02             3.12695e-01
   7.82500e-03             2.31865e-02             3.12695e-01
   8.41073e-03             1.66695e-02             3.12695e-01
   8.85295e-03             9.73470e-03             3.12695e-01
   9.05537e-03             2.56271e-03             3.12695e-01
   8.92159e-03            -4.65917e-03             3.12695e-01
   8.37337e-03            -1.17436e-02             3.12695e-01
   7.39288e-03            -1.85125e-02             3.12695e-01
   6.03213e-03            -2.48025e-02             3.12695e-01
   4.37501e-03            -3.04645e-02             3.12695e-01
   2.54981e-03            -3.53693e-02             3.12695e-01
   7.03871e-04            -3.94081e-02             3.12695e-01
  -1.20617e-03            -4.24711e-02             3.12695e-01
  -2.92978e-03            -4.45066e-02             3.12695e-01
  -5.29026e-03            -4.53635e-02             3.12695e-01
  -6.33571e-03            -4.41094e-02             3.12695e-01
  -6.89368e-03            -4.18078e-02             3.12695e-01
  -7.22730e-03            -3.84832e-02             3.12695e-01
  -7.30977e-03            -3.42195e-02             3.12695e-01
  -7.16270e-03            -2.91190e-02             3.12695e-01
  -6.76971e-03            -2.33095e-02             3.12695e-01
  -6.10397e-03            -1.69385e-02             3.12695e-01
  -5.10415e-03            -1.01719e-02             3.12695e-01
  -3.79269e-03            -3.17644e-03             3.12695e-01
  -2.24340e-03             3.88037e-03             3.12695e-01
  -5.90484e-04             1.08360e-02             3.12695e-01
   1.03743e-03             1.75294e-02             3.12695e-01
   2.50973e-03             2.38063e-02             3.12695e-01
   3.71850e-03             2.95206e-02             3.12695e-01
   4.60333e-03             3.45351e-02             3.12695e-01
   5.13617e-03             3.87271e-02             3.12695e-01
   5.33179e-03             4.19900e-02             3.12695e-01
   5.30422e-03             4.42297e-02             3.12695e-01
   5.29026e-03             4.53635e-02             3.12695e-01

   4.82318e-03             4.46944e-02             3.29316e-01
   4.98077e-03             4.35640e-02             3.29316e-01
   5.29206e-03             4.13311e-02             3.29316e-01
   5.71210e-03             3.80548e-02             3.29316e-01
   6.22913e-03             3.38157e-02             3.29316e-01
   6.84222e-03             2.87171e-02             3.29316e-01
   7.50567e-03             2.28878e-02             3.29316e-01
   8.13732e-03             1.64783e-02             3.29316e-01
   8.63125e-03             9.65640e-03             3.29316e-01
   8.89117e-03             2.59900e-03             3.29316e-01
   8.82060e-03            -4.51036e-03             3.29316e-01
   8.34095e-03            -1.14879e-02             3.29316e-01
   7.43316e-03            -1.81586e-02             3.29316e-01
   6.14705e-03            -2.43611e-02             3.29316e-01
   4.56391e-03            -2.99480e-02             3.29316e-01
   2.80895e-03            -3.47911e-02             3.29316e-01
   1.02623e-03            -3.87819e-02             3.29316e-01
  -8.27835e-04            -4.18129e-02             3.29316e-01
  -2.50709e-03            -4.38310e-02             3.29316e-01
  -4.82318e-03            -4.46944e-02             3.29316e-01
  -5.86278e-03            -4.34688e-02             3.29316e-01
  -6.43145e-03            -4.12082e-02             3.29316e-01
  -6.78795e-03            -3.79387e-02             3.29316e-01
  -6.90520e-03            -3.37428e-02             3.29316e-01
  -6.80360e-03            -2.87213e-02             3.29316e-01
  -6.46594e-03            -2.30000e-02             3.29316e-01
  -5.86459e-03            -1.67236e-02             3.29316e-01
  -4.93776e-03            -1.00550e-02             3.29316e-01
  -3.70612e-03            -3.15854e-03             3.29316e-01
  -2.24092e-03             3.80031e-03             3.29316e-01
  -6.72874e-04             1.06604e-02             3.29316e-01
   8.72783e-04             1.72623e-02             3.29316e-01
   2.26880e-03             2.34529e-02             3.29316e-01
   3.41020e-03             2.90875e-02             3.29316e-01
   4.23868e-03             3.40305e-02             3.29316e-01
   4.72767e-03             3.81610e-02             3.29316e-01
   4.89260e-03             4.13743e-02             3.29316e-01
   4.84651e-03             4.35785e-02             3.29316e-01
   4.82318e-03             4.46944e-02             3.29316e-01

   4.38670e-03             4.40120e-02             3.45937e-01
   4.55082e-03             4.29011e-02             3.45937e-01
   4.87501e-03             4.07068e-02             3.45937e-01
   5.31456e-03             3.74867e-02             3.45937e-01
   5.85727e-03             3.33202e-02             3.45937e-01
   6.50138e-03             2.83087e-02             3.45937e-01
   7.20090e-03             2.25787e-02             3.45937e-01
   7.87380e-03             1.62778e-02             3.45937e-01
   8.41451e-03             9.56987e-03             3.45937e-01
   8.72687e-03             2.62842e-03             3.45937e-01
   8.71449e-03            -4.36681e-03             3.45937e-01
   8.29857e-03            -1.12357e-02             3.45937e-01
   7.45896e-03            -1.78060e-02             3.45937e-01
   6.24337e-03            -2.39187e-02             3.45937e-01
   4.73061e-03            -2.94282e-02             3.45937e-01
   3.04282e-03            -3.42072e-02             3.45937e-01
   1.32089e-03            -3.81480e-02             3.45937e-01
  -4.78938e-04            -4.11450e-02             3.45937e-01
  -2.11491e-03            -4.31439e-02             3.45937e-01
  -4.38670e-03            -4.40120e-02             3.45937e-01
  -5.41937e-03            -4.28146e-02             3.45937e-01
  -5.99700e-03            -4.05950e-02             3.45937e-01
  -6.37398e-03            -3.73811e-02             3.45937e-01
  -6.52301e-03            -3.32538e-02             3.45937e-01
  -6.46335e-03            -2.83125e-02             3.45937e-01
  -6.17705e-03            -2.26808e-02             3.45937e-01
  -5.63577e-03            -1.65009e-02             3.45937e-01
  -4.77740e-03            -9.93238e-03             3.45937e-01
  -3.62099e-03            -3.13732e-03             3.45937e-01
  -2.23527e-03             3.72102e-03             3.45937e-01
  -7.47567e-04             1.04831e-02             3.45937e-01
   7.20175e-04             1.69908e-02             3.45937e-01
   2.04399e-03             2.30927e-02             3.45937e-01
   3.12176e-03             2.86456e-02             3.45937e-01
   3.89721e-03             3.35155e-02             3.45937e-01
   4.34516e-03             3.75833e-02             3.45937e-01
   4.48164e-03             4.07460e-02             3.45937e-01
   4.41861e-03             4.29143e-02             3.45937e-01
   4.38670e-03             4.40120e-02             3.45937e-01

   3.99593e-03             4.33191e-02             3.62558e-01
   4.16539e-03             4.22277e-02             3.62558e-01
   4.50013e-03             4.00718e-02             3.62558e-01
   4.95574e-03             3.69079e-02             3.62558e-01
   5.51967e-03             3.28139e-02             3.62558e-01
   6.18945e-03             2.78897e-02             3.62558e-01
   6.91893e-03             2.22591e-02             3.62558e-01
   7.62634e-03             1.60668e-02             3.62558e-01
   8.20670e-03             9.47320e-03             3.62558e-01
   8.56416e-03             2.64830e-03             3.62558e-01
   8.60261e-03            -4.23183e-03             3.62558e-01
   8.24325e-03            -1.09906e-02             3.62558e-01
   7.46501e-03            -1.74588e-02             3.62558e-01
   6.31368e-03            -2.34797e-02             3.62558e-01
   4.86571e-03            -2.89094e-02             3.62558e-01
   3.24029e-03            -3.36220e-02             3.62558e-01
   1.57524e-03            -3.75103e-02             3.62558e-01
  -1.73266e-04            -4.04710e-02             3.62558e-01
  -1.76783e-03            -4.24489e-02             3.62558e-01
  -3.99593e-03            -4.33191e-02             3.62558e-01
  -5.02027e-03            -4.21488e-02             3.62558e-01
  -5.60445e-03            -3.99700e-02             3.62558e-01
  -5.99849e-03            -3.68117e-02             3.62558e-01
  -6.17493e-03            -3.27535e-02             3.62558e-01
  -6.15202e-03            -2.78931e-02             3.62558e-01
  -5.91119e-03            -2.23521e-02             3.62558e-01
  -5.42355e-03            -1.62699e-02             3.62558e-01
  -4.62686e-03            -9.80342e-03             3.62558e-01
  -3.53866e-03            -3.11187e-03             3.62558e-01
  -2.22539e-03             3.64357e-03             3.62558e-01
  -8.11129e-04             1.03050e-02             3.62558e-01
   5.85347e-04             1.67162e-02             3.62558e-01
   1.84320e-03             2.27273e-02             3.62558e-01
   2.86304e-03             2.81965e-02             3.62558e-01
   3.59047e-03             3.29919e-02             3.62558e-01
   4.00161e-03             3.69959e-02             3.62558e-01
   4.11295e-03             4.01075e-02             3.62558e-01
   4.03526e-03             4.22397e-02             3.62558e-01
   3.99593e-03             4.33191e-02             3.62558e-01

   3.77256e-03             4.26286e-02             3.79179e-01
   3.94325e-03             4.15556e-02             3.79179e-01
   4.28042e-03             3.94360e-02             3.79179e-01
   4.74018e-03             3.63253e-02             3.79179e-01
   5.30989e-03             3.23000e-02             3.79179e-01
   5.98677e-03             2.74583e-02             3.79179e-01
   6.72495e-03             2.19221e-02             3.79179e-01
   7.44349e-03             1.58331e-02             3.79179e-01
   8.03849e-03             9.34900e-03             3.79179e-01
   8.41508e-03             2.63649e-03             3.79179e-01
   8.47805e-03            -4.13151e-03             3.79179e-01
   8.14925e-03            -1.07816e-02             3.79179e-01
   7.40732e-03            -1.71474e-02             3.79179e-01
   6.29673e-03            -2.30745e-02             3.79179e-01
   4.89217e-03            -2.84211e-02             3.79179e-01
   3.31044e-03            -3.30629e-02             3.79179e-01
   1.68669e-03            -3.68940e-02             3.79179e-01
  -2.25275e-05            -3.98128e-02             3.79179e-01
  -1.58391e-03            -4.17644e-02             3.79179e-01
  -3.77256e-03            -4.26286e-02             3.79179e-01
  -4.78450e-03            -4.14811e-02             3.79179e-01
  -5.36714e-03            -3.93399e-02             3.79179e-01
  -5.76631e-03            -3.62345e-02             3.79179e-01
  -5.95471e-03            -3.22429e-02             3.79179e-01
  -5.94993e-03            -2.74616e-02             3.79179e-01
  -5.73328e-03            -2.20098e-02             3.79179e-01
  -5.27581e-03            -1.60249e-02             3.79179e-01
  -4.51571e-03            -9.66076e-03             3.79179e-01
  -3.46969e-03            -3.07415e-03             3.79179e-01
  -2.20249e-03             3.57613e-03             3.79179e-01
  -8.35590e-04             1.01343e-02             3.79179e-01
   5.14723e-04             1.64463e-02             3.79179e-01
   1.73014e-03             2.23641e-02             3.79179e-01
   2.71338e-03             2.77480e-02             3.79179e-01
   3.41145e-03             3.24680e-02             3.79179e-01
   3.80125e-03             3.64084e-02             3.79179e-01
   3.89942e-03             3.94697e-02             3.79179e-01
   3.81520e-03             4.15669e-02             3.79179e-01
   3.77256e-03             4.26286e-02             3.79179e-01
   3.77256e-03             4.26286e-02             3.79179e-01
   3.94325e-03             4.15556e-02             3.79179e-01
   4.28042e-03             3.94360e-02             3.79179e-01
   4.74018e-03             3.63253e-02             3.79179e-01
   5.30989e-03             3.23000e-02             3.79179e-01
   5.98677e-03             2.74583e-02             3.79179e-01
   6.72495e-03             2.19221e-02             3.79179e-01
   7.44349e-03             1.58331e-02             3.79179e-01
   8.03849e-03             9.34900e-03             3.79179e-01
   8.41508e-03             2.63649e-03             3.79179e-01
   8.47805e-03            -4.13151e-03             3.79179e-01
   8.14925e-03            -1.07816e-02             3.79179e-01
   7.40732e-03            -1.71474e-02             3.79179e-01
   6.29673e-03            -2.30745e-02             3.79179e-01
   4.89217e-03            -2.84211e-02             3.79179e-01
   3.31044e-03            -3.30629e-02             3.79179e-01
   1.68669e-03            -3.68940e-02             3.79179e-01
  -2.25275e-05            -3.98128e-02             3.79179e-01
  -1.58391e-03            -4.17644e-02             3.79179e-01
  -3.77256e-03            -4.26286e-02             3.79179e-01
  -4.78450e-03            -4.14811e-02             3.79179e-01
  -5.36714e-03            -3.93399e-02             3.79179e-01
  -5.76631e-03            -3.62345e-02             3.79179e-01
  -5.95471e-03            -3.22429e-02             3.79179e-01
  -5.94993e-03            -2.74616e-02             3.79179e-01
  -5.73328e-03            -2.20098e-02             3.79179e-01
  -5.27581e-03            -1.60249e-02             3.79179e-01
  -4.51571e-03            -9.66076e-03             3.79179e-01
  -3.46969e-03            -3.07415e-03             3.79179e-01
  -2.20249e-03             3.57613e-03             3.79179e-01
  -8.35590e-04             1.01343e-02             3.79179e-01
   5.14723e-04             1.64463e-02             3.79179e-01
   1.73014e-03             2.23641e-02             3.79179e-01
   2.71338e-03             2.77480e-02             3.79179e-01
   3.41145e-03             3.24680e-02             3.79179e-01
   3.80125e-03             3.64084e-02             3.79179e-01
   3.89942e-03             3.94697e-02             3.79179e-01
   3.81520e-03             4.15669e-02             3.79179e-01
   3.77256e-03             4.26286e-02             3.79179e-01

   3.66926e-03             4.19398e-02             3.95800e-01
   3.83823e-03             4.08844e-02             3.95800e-01
   4.17201e-03             3.87996e-02             3.95800e-01
   4.62737e-03             3.57398e-02             3.95800e-01
   5.19180e-03             3.17805e-02             3.95800e-01
   5.86245e-03             2.70182e-02             3.95800e-01
   6.59410e-03             2.15726e-02             3.95800e-01
   7.30696e-03             1.55832e-02             3.95800e-01
   7.89870e-03             9.20505e-03             3.95800e-01
   8.27578e-03             2.60196e-03             3.95800e-01
   8.34440e-03            -4.05604e-03             3.95800e-01
   8.02750e-03            -1.05984e-02             3.95800e-01
   7.30389e-03            -1.68615e-02             3.95800e-01
   6.21719e-03            -2.26934e-02             3.95800e-01
   4.84072e-03            -2.79546e-02             3.95800e-01
   3.28926e-03            -3.25225e-02             3.95800e-01
   1.69567e-03            -3.62930e-02             3.95800e-01
   1.70869e-05            -3.91661e-02             3.95800e-01
  -1.51701e-03            -4.10875e-02             3.95800e-01
  -3.66926e-03            -4.19398e-02             3.95800e-01
  -4.66589e-03            -4.08120e-02             3.95800e-01
  -5.24117e-03            -3.87061e-02             3.95800e-01
  -5.63692e-03            -3.56515e-02             3.95800e-01
  -5.82619e-03            -3.17250e-02             3.95800e-01
  -5.82621e-03            -2.70213e-02             3.95800e-01
  -5.61845e-03            -2.16579e-02             3.95800e-01
  -5.17430e-03            -1.57698e-02             3.95800e-01
  -4.43283e-03            -9.50827e-03             3.95800e-01
  -3.41029e-03            -3.02764e-03             3.95800e-01
  -2.17023e-03             3.51587e-03             3.95800e-01
  -8.32007e-04             9.96889e-03             3.95800e-01
   4.90148e-04             1.61796e-02             3.95800e-01
   1.67998e-03             2.20025e-02             3.95800e-01
   2.64195e-03             2.72999e-02             3.95800e-01
   3.32402e-03             3.19439e-02             3.95800e-01
   3.70361e-03             3.58207e-02             3.95800e-01
   3.79716e-03             3.88324e-02             3.95800e-01
   3.71224e-03             4.08954e-02             3.95800e-01
   3.66926e-03             4.19398e-02             3.95800e-01
