upstream_002
             x                       y                       z
   2.82843e-02             2.82843e-02             8.00000e-02
   2.80522e-02             2.78966e-02             8.00000e-02
   2.75906e-02             2.71254e-02             8.00000e-02
   2.69045e-02             2.59792e-02             8.00000e-02
   2.59970e-02             2.44751e-02             8.00000e-02
   2.48598e-02             2.26477e-02             8.00000e-02
   2.35231e-02             2.04992e-02             8.00000e-02
   2.20019e-02             1.80530e-02             8.00000e-02
   2.03035e-02             1.53451e-02             8.00000e-02
   1.84425e-02             1.24092e-02             8.00000e-02
   1.64273e-02             9.28955e-03             8.00000e-02
   1.42636e-02             6.03661e-03             8.00000e-02
   1.19577e-02             2.70339e-03             8.00000e-02
   9.51780e-03            -6.56389e-04             8.00000e-02
   6.95419e-03            -3.98956e-03             8.00000e-02
   4.27975e-03            -7.24438e-03             8.00000e-02
   1.50931e-03            -1.03707e-02             8.00000e-02
  -1.33887e-03            -1.33222e-02             8.00000e-02
  -4.23877e-03            -1.60614e-02             8.00000e-02
  -7.15006e-03            -1.85668e-02             8.00000e-02
  -1.00267e-02            -2.08250e-02             8.00000e-02
  -1.28219e-02            -2.28267e-02             8.00000e-02
  -1.54854e-02            -2.45695e-02             8.00000e-02
  -1.80298e-02            -2.59925e-02             8.00000e-02
  -2.03345e-02            -2.71730e-02             8.00000e-02
  -2.24302e-02            -2.80419e-02             8.00000e-02
  -2.42718e-02            -2.86120e-02             8.00000e-02
  -2.57792e-02            -2.89368e-02             8.00000e-02
  -2.69640e-02            -2.89848e-02             8.00000e-02
  -2.82843e-02            -2.82843e-02             8.00000e-02
  -2.83708e-02            -2.75780e-02             8.00000e-02
  -2.82169e-02            -2.64991e-02             8.00000e-02
  -2.76248e-02            -2.52590e-02             8.00000e-02
  -2.67258e-02            -2.37463e-02             8.00000e-02
  -2.55185e-02            -2.19890e-02             8.00000e-02
  -2.40093e-02            -2.00131e-02             8.00000e-02
  -2.22235e-02            -1.78314e-02             8.00000e-02
  -2.01801e-02            -1.54685e-02             8.00000e-02
  -1.78973e-02            -1.29545e-02             8.00000e-02
  -1.53899e-02            -1.03270e-02             8.00000e-02
  -1.26765e-02            -7.62365e-03             8.00000e-02
  -9.77438e-03            -4.88672e-03             8.00000e-02
  -6.70750e-03            -2.15392e-03             8.00000e-02
  -3.51841e-03             5.53777e-04             8.00000e-02
  -2.56255e-04             3.22089e-03             8.00000e-02
   3.02657e-03             5.83485e-03             8.00000e-02
   6.27687e-03             8.38424e-03             8.00000e-02
   9.44354e-03             1.08566e-02             8.00000e-02
   1.24756e-02             1.32412e-02             8.00000e-02
   1.53235e-02             1.55282e-02             8.00000e-02
   1.79461e-02             1.77025e-02             8.00000e-02
   2.03138e-02             1.97410e-02             8.00000e-02
   2.23846e-02             2.16378e-02             8.00000e-02
   2.41396e-02             2.33679e-02             8.00000e-02
   2.56064e-02             2.48657e-02             8.00000e-02
   2.66798e-02             2.62040e-02             8.00000e-02
   2.74776e-02             2.72384e-02             8.00000e-02
   2.80144e-02             2.79344e-02             8.00000e-02
   2.82875e-02             2.82811e-02             8.00000e-02

   2.66924e-02             2.85135e-02             9.87000e-02
   2.64783e-02             2.81277e-02             9.87000e-02
   2.60527e-02             2.73603e-02             9.87000e-02
   2.54200e-02             2.62196e-02             9.87000e-02
   2.45828e-02             2.47225e-02             9.87000e-02
   2.35318e-02             2.29025e-02             9.87000e-02
   2.22965e-02             2.07627e-02             9.87000e-02
   2.08907e-02             1.83264e-02             9.87000e-02
   1.93204e-02             1.56291e-02             9.87000e-02
   1.75987e-02             1.27040e-02             9.87000e-02
   1.57325e-02             9.59464e-03             9.87000e-02
   1.37256e-02             6.35040e-03             9.87000e-02
   1.15826e-02             3.02324e-03             9.87000e-02
   9.30966e-03            -3.34159e-04             9.87000e-02
   6.91512e-03            -3.66957e-03             9.87000e-02
   4.40988e-03            -6.93209e-03             9.87000e-02
   1.80683e-03            -1.00723e-02             9.87000e-02
  -8.77719e-04            -1.30444e-02             9.87000e-02
  -3.61958e-03            -1.58110e-02             9.87000e-02
  -6.38008e-03            -1.83497e-02             9.87000e-02
  -9.11477e-03            -2.06461e-02             9.87000e-02
  -1.17782e-02            -2.26896e-02             9.87000e-02
  -1.43214e-02            -2.44762e-02             9.87000e-02
  -1.67587e-02            -2.59468e-02             9.87000e-02
  -1.89698e-02            -2.71731e-02             9.87000e-02
  -2.09871e-02            -2.80885e-02             9.87000e-02
  -2.27660e-02            -2.87042e-02             9.87000e-02
  -2.42266e-02            -2.90697e-02             9.87000e-02
  -2.53813e-02            -2.91546e-02             9.87000e-02
  -2.66924e-02            -2.85135e-02             9.87000e-02
  -2.67995e-02            -2.78270e-02             9.87000e-02
  -2.66841e-02            -2.67692e-02             9.87000e-02
  -2.61462e-02            -2.55399e-02             9.87000e-02
  -2.53176e-02            -2.40347e-02             9.87000e-02
  -2.41959e-02            -2.22808e-02             9.87000e-02
  -2.27866e-02            -2.03040e-02             9.87000e-02
  -2.11141e-02            -1.81173e-02             9.87000e-02
  -1.91960e-02            -1.57455e-02             9.87000e-02
  -1.70491e-02            -1.32186e-02             9.87000e-02
  -1.46867e-02            -1.05737e-02             9.87000e-02
  -1.21257e-02            -7.84811e-03             9.87000e-02
  -9.38161e-03            -5.08369e-03             9.87000e-02
  -6.47658e-03            -2.31797e-03             9.87000e-02
  -3.45148e-03             4.27164e-04             9.87000e-02
  -3.53776e-04             3.13505e-03             9.87000e-02
   2.76581e-03             5.79173e-03             9.87000e-02
   5.85574e-03             8.38435e-03             9.87000e-02
   8.86654e-03             1.08991e-02             9.87000e-02
   1.17488e-02             1.33239e-02             9.87000e-02
   1.44545e-02             1.56475e-02             9.87000e-02
   1.69439e-02             1.78538e-02             9.87000e-02
   1.91890e-02             1.99195e-02             9.87000e-02
   2.11488e-02             2.18372e-02             9.87000e-02
   2.28058e-02             2.35821e-02             9.87000e-02
   2.41890e-02             2.50911e-02             9.87000e-02
   2.51935e-02             2.64317e-02             9.87000e-02
   2.59388e-02             2.74669e-02             9.87000e-02
   2.64402e-02             2.81634e-02             9.87000e-02
   2.66955e-02             2.85106e-02             9.87000e-02

   2.35740e-02             2.98627e-02             1.17400e-01
   2.33978e-02             2.94707e-02             1.17400e-01
   2.30475e-02             2.86909e-02             1.17400e-01
   2.25268e-02             2.75319e-02             1.17400e-01
   2.18368e-02             2.60102e-02             1.17400e-01
   2.09657e-02             2.41575e-02             1.17400e-01
   1.99419e-02             2.19794e-02             1.17400e-01
   1.87769e-02             1.94995e-02             1.17400e-01
   1.74735e-02             1.67527e-02             1.17400e-01
   1.60419e-02             1.37725e-02             1.17400e-01
   1.44851e-02             1.06015e-02             1.17400e-01
   1.28028e-02             7.28810e-03             1.17400e-01
   1.09952e-02             3.88307e-03             1.17400e-01
   9.06383e-03             4.38055e-04             1.17400e-01
   7.01271e-03            -2.99558e-03             1.17400e-01
   4.84817e-03            -6.36752e-03             1.17400e-01
   2.57868e-03            -9.62877e-03             1.17400e-01
   2.16302e-04            -1.27335e-02             1.17400e-01
  -2.21854e-03            -1.56434e-02             1.17400e-01
  -4.69011e-03            -1.83337e-02             1.17400e-01
  -7.15649e-03            -2.07867e-02             1.17400e-01
  -9.57440e-03            -2.29883e-02             1.17400e-01
  -1.18967e-02            -2.49307e-02             1.17400e-01
  -1.41420e-02            -2.65579e-02             1.17400e-01
  -1.61878e-02            -2.79292e-02             1.17400e-01
  -1.80710e-02            -2.89830e-02             1.17400e-01
  -1.97472e-02            -2.97262e-02             1.17400e-01
  -2.11350e-02            -3.02007e-02             1.17400e-01
  -2.22489e-02            -3.03777e-02             1.17400e-01
  -2.35740e-02            -2.98627e-02             1.17400e-01
  -2.37342e-02            -2.92052e-02             1.17400e-01
  -2.37088e-02            -2.81689e-02             1.17400e-01
  -2.32873e-02            -2.69316e-02             1.17400e-01
  -2.26063e-02            -2.54027e-02             1.17400e-01
  -2.16612e-02            -2.36085e-02             1.17400e-01
  -2.04551e-02            -2.15742e-02             1.17400e-01
  -1.90108e-02            -1.93148e-02             1.17400e-01
  -1.73432e-02            -1.68555e-02             1.17400e-01
  -1.54662e-02            -1.42269e-02             1.17400e-01
  -1.33898e-02            -1.14661e-02             1.17400e-01
  -1.11272e-02            -8.61083e-03             1.17400e-01
  -8.68998e-03            -5.70281e-03             1.17400e-01
  -6.09669e-03            -2.78035e-03             1.17400e-01
  -3.38518e-03             1.31972e-04             1.17400e-01
  -6.00137e-04             3.01408e-03             1.17400e-01
   2.21034e-03             5.84827e-03             1.17400e-01
   4.99727e-03             8.61786e-03             1.17400e-01
   7.71377e-03             1.13054e-02             1.17400e-01
   1.03129e-02             1.38950e-02             1.17400e-01
   1.27488e-02             1.63720e-02             1.17400e-01
   1.49845e-02             1.87175e-02             1.17400e-01
   1.69946e-02             2.09064e-02             1.17400e-01
   1.87398e-02             2.29283e-02             1.17400e-01
   2.02053e-02             2.47577e-02             1.17400e-01
   2.14244e-02             2.63358e-02             1.17400e-01
   2.22895e-02             2.77193e-02             1.17400e-01
   2.29282e-02             2.87851e-02             1.17400e-01
   2.33579e-02             2.95022e-02             1.17400e-01
   2.35772e-02             2.98602e-02             1.17400e-01

   2.01752e-02             3.12006e-02             1.36100e-01
   2.00400e-02             3.08032e-02             1.36100e-01
   1.97710e-02             3.00129e-02             1.36100e-01
   1.93713e-02             2.88382e-02             1.36100e-01
   1.88403e-02             2.72953e-02             1.36100e-01
   1.81636e-02             2.54140e-02             1.36100e-01
   1.73684e-02             2.32022e-02             1.36100e-01
   1.64637e-02             2.06840e-02             1.36100e-01
   1.54489e-02             1.78937e-02             1.36100e-01
   1.43310e-02             1.48646e-02             1.36100e-01
   1.31087e-02             1.16385e-02             1.36100e-01
   1.17777e-02             8.26249e-03             1.36100e-01
   1.03331e-02             4.78583e-03             1.36100e-01
   8.77204e-03             1.25892e-03             1.36100e-01
   7.09340e-03            -2.26794e-03             1.36100e-01
   5.29884e-03            -5.74524e-03             1.36100e-01
   3.39205e-03            -9.12456e-03             1.36100e-01
   1.38058e-03            -1.23603e-02             1.36100e-01
  -7.19247e-04            -1.54132e-02             1.36100e-01
  -2.87498e-03            -1.82560e-02             1.36100e-01
  -5.04747e-03            -2.08676e-02             1.36100e-01
  -7.19593e-03            -2.32303e-02             1.36100e-01
  -9.27524e-03            -2.53322e-02             1.36100e-01
  -1.13087e-02            -2.71206e-02             1.36100e-01
  -1.31717e-02            -2.86419e-02             1.36100e-01
  -1.49058e-02            -2.98395e-02             1.36100e-01
  -1.64671e-02            -3.07162e-02             1.36100e-01
  -1.77729e-02            -3.13050e-02             1.36100e-01
  -1.88396e-02            -3.15794e-02             1.36100e-01
  -2.01752e-02            -3.12006e-02             1.36100e-01
  -2.03914e-02            -3.05760e-02             1.36100e-01
  -2.04619e-02            -2.95662e-02             1.36100e-01
  -2.01659e-02            -2.83245e-02             1.36100e-01
  -1.96443e-02            -2.67754e-02             1.36100e-01
  -1.88903e-02            -2.49441e-02             1.36100e-01
  -1.79047e-02            -2.28554e-02             1.36100e-01
  -1.67081e-02            -2.05259e-02             1.36100e-01
  -1.53128e-02            -1.79817e-02             1.36100e-01
  -1.37295e-02            -1.52535e-02             1.36100e-01
  -1.19644e-02            -1.23785e-02             1.36100e-01
  -1.00270e-02            -9.39452e-03             1.36100e-01
  -7.92469e-03            -6.34320e-03             1.36100e-01
  -5.67197e-03            -3.26351e-03             1.36100e-01
  -3.30336e-03            -1.82808e-04             1.36100e-01
  -8.60494e-04             2.87528e-03             1.36100e-01
   1.61151e-03             5.88912e-03             1.36100e-01
   4.06656e-03             8.83798e-03             1.36100e-01
   6.46066e-03             1.17006e-02             1.36100e-01
   8.74968e-03             1.44572e-02             1.36100e-01
   1.08904e-02             1.70894e-02             1.36100e-01
   1.28484e-02             1.95752e-02             1.36100e-01
   1.46015e-02             2.18881e-02             1.36100e-01
   1.61125e-02             2.40143e-02             1.36100e-01
   1.73692e-02             2.59277e-02             1.36100e-01
   1.84094e-02             2.75739e-02             1.36100e-01
   1.91234e-02             2.89985e-02             1.36100e-01
   1.96464e-02             3.00935e-02             1.36100e-01
   1.99983e-02             3.08302e-02             1.36100e-01
   2.01785e-02             3.11985e-02             1.36100e-01

   1.72374e-02             3.19142e-02             1.54800e-01
   1.71363e-02             3.15172e-02             1.54800e-01
   1.69353e-02             3.07273e-02             1.54800e-01
   1.66366e-02             2.95534e-02             1.54800e-01
   1.62383e-02             2.80111e-02             1.54800e-01
   1.57243e-02             2.61282e-02             1.54800e-01
   1.51203e-02             2.39146e-02             1.54800e-01
   1.44333e-02             2.13944e-02             1.54800e-01
   1.36601e-02             1.86009e-02             1.54800e-01
   1.28048e-02             1.55672e-02             1.54800e-01
   1.18632e-02             1.23337e-02             1.54800e-01
   1.08272e-02             8.94585e-03             1.54800e-01
   9.68849e-03             5.45140e-03             1.54800e-01
   8.44019e-03             1.89910e-03             1.54800e-01
   7.07750e-03            -1.66219e-03             1.54800e-01
   5.59819e-03            -5.18415e-03             1.54800e-01
   4.00214e-03            -8.61938e-03             1.54800e-01
   2.29317e-03            -1.19229e-02             1.54800e-01
   4.84169e-04            -1.50553e-02             1.54800e-01
  -1.39538e-03            -1.79875e-02             1.54800e-01
  -3.30899e-03            -2.06960e-02             1.54800e-01
  -5.21835e-03            -2.31604e-02             1.54800e-01
  -7.08043e-03            -2.53658e-02             1.54800e-01
  -8.92203e-03            -2.72624e-02             1.54800e-01
  -1.06182e-02            -2.88861e-02             1.54800e-01
  -1.22138e-02            -3.01848e-02             1.54800e-01
  -1.36659e-02            -3.11579e-02             1.54800e-01
  -1.48914e-02            -3.18313e-02             1.54800e-01
  -1.59085e-02            -3.21803e-02             1.54800e-01
  -1.72374e-02            -3.19142e-02             1.54800e-01
  -1.74958e-02            -3.13230e-02             1.54800e-01
  -1.76420e-02            -3.03457e-02             1.54800e-01
  -1.74493e-02            -2.91145e-02             1.54800e-01
  -1.70607e-02            -2.75669e-02             1.54800e-01
  -1.64676e-02            -2.57268e-02             1.54800e-01
  -1.56688e-02            -2.36184e-02             1.54800e-01
  -1.46833e-02            -2.12594e-02             1.54800e-01
  -1.35209e-02            -1.86761e-02             1.54800e-01
  -1.21896e-02            -1.58994e-02             1.54800e-01
  -1.06927e-02            -1.29659e-02             1.54800e-01
  -9.03648e-03            -9.91304e-03             1.54800e-01
  -7.22495e-03            -6.78200e-03             1.54800e-01
  -5.26921e-03            -3.61179e-03             1.54800e-01
  -3.20077e-03            -4.31693e-04             1.54800e-01
  -1.05833e-03             2.73210e-03             1.54800e-01
   1.11587e-03             5.85507e-03             1.54800e-01
   3.27857e-03             8.91350e-03             1.54800e-01
   5.38857e-03             1.18833e-02             1.54800e-01
   7.40445e-03             1.47419e-02             1.54800e-01
   9.28553e-03             1.74680e-02             1.54800e-01
   1.10001e-02             2.00376e-02             1.54800e-01
   1.25285e-02             2.24232e-02             1.54800e-01
   1.38357e-02             2.46085e-02             1.54800e-01
   1.49117e-02             2.65671e-02             1.54800e-01
   1.57975e-02             2.82491e-02             1.54800e-01
   1.63830e-02             2.96904e-02             1.54800e-01
   1.68078e-02             3.07962e-02             1.54800e-01
   1.70937e-02             3.15402e-02             1.54800e-01
   1.72406e-02             3.19125e-02             1.54800e-01

   1.48789e-02             3.20551e-02             1.73500e-01
   1.48040e-02             3.16630e-02             1.73500e-01
   1.46552e-02             3.08830e-02             1.73500e-01
   1.44340e-02             2.97237e-02             1.73500e-01
   1.41378e-02             2.82002e-02             1.73500e-01
   1.37491e-02             2.63387e-02             1.73500e-01
   1.32924e-02             2.41503e-02             1.73500e-01
   1.27731e-02             2.16588e-02             1.73500e-01
   1.21862e-02             1.88964e-02             1.73500e-01
   1.15336e-02             1.58955e-02             1.73500e-01
   1.08088e-02             1.26953e-02             1.73500e-01
   1.00013e-02             9.33940e-03             1.73500e-01
   9.10027e-03             5.87375e-03             1.73500e-01
   8.09606e-03             2.34535e-03             1.73500e-01
   6.98115e-03            -1.19853e-03             1.73500e-01
   5.75049e-03            -4.71106e-03             1.73500e-01
   4.40117e-03            -8.14614e-03             1.73500e-01
   2.93427e-03            -1.14598e-02             1.73500e-01
   1.35998e-03            -1.46129e-02             1.73500e-01
  -2.94745e-04            -1.75755e-02             1.73500e-01
  -1.99582e-03            -2.03226e-02             1.73500e-01
  -3.70715e-03            -2.28321e-02             1.73500e-01
  -5.38782e-03            -2.50868e-02             1.73500e-01
  -7.06679e-03            -2.70401e-02             1.73500e-01
  -8.62046e-03            -2.87193e-02             1.73500e-01
  -1.00955e-02            -3.00765e-02             1.73500e-01
  -1.14503e-02            -3.11087e-02             1.73500e-01
  -1.26023e-02            -3.18359e-02             1.73500e-01
  -1.35708e-02            -3.22354e-02             1.73500e-01
  -1.48789e-02            -3.20551e-02             1.73500e-01
  -1.51651e-02            -3.14954e-02             1.73500e-01
  -1.53650e-02            -3.05535e-02             1.73500e-01
  -1.52503e-02            -2.93448e-02             1.73500e-01
  -1.49638e-02            -2.78168e-02             1.73500e-01
  -1.44956e-02            -2.59922e-02             1.73500e-01
  -1.38434e-02            -2.38946e-02             1.73500e-01
  -1.30243e-02            -2.15422e-02             1.73500e-01
  -1.20463e-02            -1.89613e-02             1.73500e-01
  -1.09156e-02            -1.61823e-02             1.73500e-01
  -9.63307e-03            -1.32410e-02             1.73500e-01
  -8.20269e-03            -1.01743e-02             1.73500e-01
  -6.62586e-03            -7.02229e-03             1.73500e-01
  -4.91109e-03            -3.82370e-03             1.73500e-01
  -3.08731e-03            -6.08855e-04             1.73500e-01
  -1.19059e-03             2.59451e-03             1.73500e-01
   7.39424e-04             5.76005e-03             1.73500e-01
   2.66206e-03             8.86214e-03             1.73500e-01
   4.53868e-03             1.18750e-02             1.73500e-01
   6.33034e-03             1.47740e-02             1.73500e-01
   7.99873e-03             1.75363e-02             1.73500e-01
   9.51445e-03             2.01365e-02             1.73500e-01
   1.08600e-02             2.25468e-02             1.73500e-01
   1.20021e-02             2.47492e-02             1.73500e-01
   1.29329e-02             2.67176e-02             1.73500e-01
   1.36951e-02             2.84057e-02             1.73500e-01
   1.41793e-02             2.98419e-02             1.73500e-01
   1.45271e-02             3.09424e-02             1.73500e-01
   1.47612e-02             3.16828e-02             1.73500e-01
   1.48821e-02             3.20536e-02             1.73500e-01

   1.31826e-02             3.17734e-02             1.92200e-01
   1.31255e-02             3.13890e-02             1.92200e-01
   1.30121e-02             3.06245e-02             1.92200e-01
   1.28436e-02             2.94881e-02             1.92200e-01
   1.26167e-02             2.79945e-02             1.92200e-01
   1.23135e-02             2.61685e-02             1.92200e-01
   1.19573e-02             2.40218e-02             1.92200e-01
   1.15523e-02             2.15778e-02             1.92200e-01
   1.10925e-02             1.88676e-02             1.92200e-01
   1.05784e-02             1.59228e-02             1.92200e-01
   1.00021e-02             1.27813e-02             1.92200e-01
   9.35160e-03             9.48501e-03             1.92200e-01
   8.61455e-03             6.07825e-03             1.92200e-01
   7.77967e-03             2.60631e-03             1.92200e-01
   6.83775e-03            -8.85126e-04             1.92200e-01
   5.78200e-03            -4.35072e-03             1.92200e-01
   4.60774e-03            -7.74576e-03             1.92200e-01
   3.31423e-03            -1.10274e-02             1.92200e-01
   1.90984e-03            -1.41573e-02             1.92200e-01
   4.19565e-04            -1.71051e-02             1.92200e-01
  -1.12445e-03            -1.98452e-02             1.92200e-01
  -2.68799e-03            -2.23546e-02             1.92200e-01
  -4.23194e-03            -2.46149e-02             1.92200e-01
  -5.78636e-03            -2.65821e-02             1.92200e-01
  -7.22992e-03            -2.82776e-02             1.92200e-01
  -8.60993e-03            -2.96569e-02             1.92200e-01
  -9.88606e-03            -3.07152e-02             1.92200e-01
  -1.09773e-02            -3.14687e-02             1.92200e-01
  -1.19031e-02            -3.18962e-02             1.92200e-01
  -1.31826e-02            -3.17734e-02             1.92200e-01
  -1.34835e-02            -3.12405e-02             1.92200e-01
  -1.37157e-02            -3.03326e-02             1.92200e-01
  -1.36527e-02            -2.91524e-02             1.92200e-01
  -1.34354e-02            -2.76548e-02             1.92200e-01
  -1.30535e-02            -2.58615e-02             1.92200e-01
  -1.25034e-02            -2.37952e-02             1.92200e-01
  -1.18013e-02            -2.14745e-02             1.92200e-01
  -1.09539e-02            -1.89251e-02             1.92200e-01
  -9.96587e-03            -1.61769e-02             1.92200e-01
  -8.83669e-03            -1.32648e-02             1.92200e-01
  -7.56879e-03            -1.02247e-02             1.92200e-01
  -6.16188e-03            -7.09584e-03             1.92200e-01
  -4.62269e-03            -3.91612e-03             1.92200e-01
  -2.97813e-03            -7.16204e-04             1.92200e-01
  -1.26217e-03             2.47548e-03             1.92200e-01
   4.87684e-04             5.63171e-03             1.92200e-01
   2.23291e-03             8.72594e-03             1.92200e-01
   3.93698e-03             1.17315e-02             1.92200e-01
   5.56299e-03             1.46230e-02             1.92200e-01
   7.07461e-03             1.73765e-02             1.92200e-01
   8.44425e-03             1.99663e-02             1.92200e-01
   9.65600e-03             2.23645e-02             1.92200e-01
   1.06783e-02             2.45524e-02             1.92200e-01
   1.15045e-02             2.65041e-02             1.92200e-01
   1.21779e-02             2.81766e-02             1.92200e-01
   1.25911e-02             2.95929e-02             1.92200e-01
   1.28852e-02             3.06771e-02             1.92200e-01
   1.30831e-02             3.14066e-02             1.92200e-01
   1.31857e-02             3.17721e-02             1.92200e-01

   1.18681e-02             3.13103e-02             2.10900e-01
   1.18242e-02             3.09346e-02             2.10900e-01
   1.17369e-02             3.01874e-02             2.10900e-01
   1.16071e-02             2.90767e-02             2.10900e-01
   1.14314e-02             2.76167e-02             2.10900e-01
   1.11914e-02             2.58310e-02             2.10900e-01
   1.09096e-02             2.37317e-02             2.10900e-01
   1.05892e-02             2.13416e-02             2.10900e-01
   1.02235e-02             1.86910e-02             2.10900e-01
   9.81207e-03             1.58104e-02             2.10900e-01
   9.34607e-03             1.27366e-02             2.10900e-01
   8.81253e-03             9.51000e-03             2.10900e-01
   8.19810e-03             6.17327e-03             2.10900e-01
   7.49047e-03             2.77019e-03             2.10900e-01
   6.67928e-03            -6.55091e-04             2.10900e-01
   5.75655e-03            -4.05866e-03             2.10900e-01
   4.71640e-03            -7.39716e-03             2.10900e-01
   3.55682e-03            -1.06289e-02             2.10900e-01
   2.28478e-03            -1.37164e-02             2.10900e-01
   9.23696e-04            -1.66293e-02             2.10900e-01
  -4.95932e-04            -1.93417e-02             2.10900e-01
  -1.94151e-03            -2.18303e-02             2.10900e-01
  -3.37553e-03            -2.40760e-02             2.10900e-01
  -4.82858e-03            -2.60366e-02             2.10900e-01
  -6.18195e-03            -2.77298e-02             2.10900e-01
  -7.48303e-03            -2.91133e-02             2.10900e-01
  -8.69271e-03            -3.01814e-02             2.10900e-01
  -9.73166e-03            -3.09474e-02             2.10900e-01
  -1.06196e-02            -3.13912e-02             2.10900e-01
  -1.18681e-02            -3.13103e-02             2.10900e-01
  -1.21769e-02            -3.08009e-02             2.10900e-01
  -1.24302e-02            -2.99246e-02             2.10900e-01
  -1.24045e-02            -2.87745e-02             2.10900e-01
  -1.22382e-02            -2.73109e-02             2.10900e-01
  -1.19206e-02            -2.55546e-02             2.10900e-01
  -1.14477e-02            -2.35277e-02             2.10900e-01
  -1.08345e-02            -2.12486e-02             2.10900e-01
  -1.00869e-02            -1.87428e-02             2.10900e-01
  -9.20850e-03            -1.60392e-02             2.10900e-01
  -8.19766e-03            -1.31719e-02             2.10900e-01
  -7.05571e-03            -1.01759e-02             2.10900e-01
  -5.78118e-03            -7.08940e-03             2.10900e-01
  -4.37950e-03            -3.94940e-03             2.10900e-01
  -2.87591e-03            -7.86561e-04             2.10900e-01
  -1.30260e-03             2.37041e-03             2.10900e-01
   3.04758e-04             5.49391e-03             2.10900e-01
   1.90948e-03             8.55695e-03             2.10900e-01
   3.47683e-03             1.15325e-02             2.10900e-01
   4.97167e-03             1.43947e-02             2.10900e-01
   6.35937e-03             1.71192e-02             2.10900e-01
   7.61388e-03             1.96802e-02             2.10900e-01
   8.72054e-03             2.20500e-02             2.10900e-01
   9.64924e-03             2.42094e-02             2.10900e-01
   1.03942e-02             2.61332e-02             2.10900e-01
   1.09990e-02             2.77806e-02             2.10900e-01
   1.13583e-02             2.91710e-02             2.10900e-01
   1.16118e-02             3.02348e-02             2.10900e-01
   1.17823e-02             3.09505e-02             2.10900e-01
   1.18710e-02             3.13092e-02             2.10900e-01

   1.08279e-02             3.07127e-02             2.29600e-01
   1.07938e-02             3.03464e-02             2.29600e-01
   1.07259e-02             2.96179e-02             2.29600e-01
   1.06250e-02             2.85350e-02             2.29600e-01
   1.04873e-02             2.71114e-02             2.29600e-01
   1.02945e-02             2.53698e-02             2.29600e-01
   1.00682e-02             2.33222e-02             2.29600e-01
   9.81101e-03             2.09911e-02             2.29600e-01
   9.51568e-03             1.84055e-02             2.29600e-01
   9.18104e-03             1.55954e-02             2.29600e-01
   8.79779e-03             1.25962e-02             2.29600e-01
   8.35235e-03             9.44681e-03             2.29600e-01
   7.83075e-03             6.18855e-03             2.29600e-01
   7.22005e-03             2.86365e-03             2.29600e-01
   6.50915e-03            -4.85184e-04             2.29600e-01
   5.68932e-03            -3.81544e-03             2.29600e-01
   4.75383e-03            -7.08510e-03             2.29600e-01
   3.69980e-03            -1.02537e-02             2.29600e-01
   2.53314e-03            -1.32845e-02             2.29600e-01
   1.27595e-03            -1.61477e-02             2.29600e-01
  -4.27266e-05            -1.88172e-02             2.29600e-01
  -1.39172e-03            -2.12697e-02             2.29600e-01
  -2.73500e-03            -2.34858e-02             2.29600e-01
  -4.10325e-03            -2.54252e-02             2.29600e-01
  -5.38066e-03            -2.71022e-02             2.29600e-01
  -6.61426e-03            -2.84769e-02             2.29600e-01
  -7.76617e-03            -2.95429e-02             2.29600e-01
  -8.75893e-03            -3.03113e-02             2.29600e-01
  -9.61215e-03            -3.07630e-02             2.29600e-01
  -1.08279e-02            -3.07127e-02             2.29600e-01
  -1.11397e-02            -3.02244e-02             2.29600e-01
  -1.14059e-02            -2.93781e-02             2.29600e-01
  -1.14071e-02            -2.82593e-02             2.29600e-01
  -1.12787e-02            -2.68324e-02             2.29600e-01
  -1.10098e-02            -2.51176e-02             2.29600e-01
  -1.05960e-02            -2.31361e-02             2.29600e-01
  -1.00516e-02            -2.09062e-02             2.29600e-01
  -9.38167e-03            -1.84528e-02             2.29600e-01
  -8.58899e-03            -1.58042e-02             2.29600e-01
  -7.67130e-03            -1.29933e-02             2.29600e-01
  -6.62906e-03            -1.00544e-02             2.29600e-01
  -5.45997e-03            -7.02438e-03             2.29600e-01
  -4.16845e-03            -3.93951e-03             2.29600e-01
  -2.77837e-03            -8.30118e-04             2.29600e-01
  -1.32037e-03             2.27515e-03             2.29600e-01
   1.71488e-04             5.34866e-03             2.29600e-01
   1.66216e-03             8.36331e-03             2.29600e-01
   3.11849e-03             1.12920e-02             2.29600e-01
   4.50689e-03             1.41089e-02             2.29600e-01
   5.79425e-03             1.67895e-02             2.29600e-01
   6.95582e-03             1.93080e-02             2.29600e-01
   7.97798e-03             2.16373e-02             2.29600e-01
   8.83189e-03             2.37580e-02             2.29600e-01
   9.51253e-03             2.56455e-02             2.29600e-01
   1.00631e-02             2.72610e-02             2.29600e-01
   1.03809e-02             2.86211e-02             2.29600e-01
   1.06032e-02             2.96611e-02             2.29600e-01
   1.07527e-02             3.03609e-02             2.29600e-01
   1.08307e-02             3.07117e-02             2.29600e-01

   9.96837e-03             3.00187e-02             2.48300e-01
   9.94174e-03             2.96624e-02             2.48300e-01
   9.88878e-03             2.89536e-02             2.48300e-01
   9.81006e-03             2.79002e-02             2.48300e-01
   9.70171e-03             2.65153e-02             2.48300e-01
   9.54551e-03             2.48205e-02             2.48300e-01
   9.36217e-03             2.28280e-02             2.48300e-01
   9.15395e-03             2.05597e-02             2.48300e-01
   8.91317e-03             1.80435e-02             2.48300e-01
   8.63824e-03             1.53086e-02             2.48300e-01
   8.31947e-03             1.23891e-02             2.48300e-01
   7.94296e-03             9.32276e-03             2.48300e-01
   7.49445e-03             6.14929e-03             2.48300e-01
   6.96058e-03             2.90953e-03             2.48300e-01
   6.32983e-03            -3.55270e-04             2.48300e-01
   5.59298e-03            -3.60397e-03             2.48300e-01
   4.74273e-03            -6.79587e-03             2.48300e-01
   3.77555e-03            -9.89175e-03             2.48300e-01
   2.69655e-03            -1.28558e-02             2.48300e-01
   1.52664e-03            -1.56587e-02             2.48300e-01
   2.93573e-04            -1.82746e-02             2.48300e-01
  -9.72798e-04            -2.06803e-02             2.48300e-01
  -2.23783e-03            -2.28563e-02             2.48300e-01
  -3.53204e-03            -2.47641e-02             2.48300e-01
  -4.74270e-03            -2.64154e-02             2.48300e-01
  -5.91621e-03            -2.77724e-02             2.48300e-01
  -7.01587e-03            -2.88281e-02             2.48300e-01
  -7.96628e-03            -2.95920e-02             2.48300e-01
  -8.78682e-03            -3.00459e-02             2.48300e-01
  -9.96837e-03            -3.00187e-02             2.48300e-01
  -1.02799e-02            -2.95501e-02             2.48300e-01
  -1.05535e-02            -2.87329e-02             2.48300e-01
  -1.05745e-02            -2.76464e-02             2.48300e-01
  -1.04752e-02            -2.62585e-02             2.48300e-01
  -1.02446e-02            -2.45884e-02             2.48300e-01
  -9.87811e-03            -2.26567e-02             2.48300e-01
  -9.38913e-03            -2.04816e-02             2.48300e-01
  -8.78219e-03            -1.80870e-02             2.48300e-01
  -8.05957e-03            -1.55008e-02             2.48300e-01
  -7.21843e-03            -1.27547e-02             2.48300e-01
  -6.25861e-03            -9.88209e-03             2.48300e-01
  -5.17723e-03            -6.91877e-03             2.48300e-01
  -3.97794e-03            -3.89998e-03             2.48300e-01
  -2.68337e-03            -8.55621e-04             2.48300e-01
  -1.32276e-03             2.18595e-03             2.48300e-01
   7.12956e-05             5.19727e-03             2.48300e-01
   1.46525e-03             8.15142e-03             2.48300e-01
   2.82737e-03             1.10215e-02             2.48300e-01
   4.12552e-03             1.37818e-02             2.48300e-01
   5.32798e-03             1.64078e-02             2.48300e-01
   6.41116e-03             1.88744e-02             2.48300e-01
   7.36234e-03             2.11546e-02             2.48300e-01
   8.15383e-03             2.32293e-02             2.48300e-01
   8.78120e-03             2.50743e-02             2.48300e-01
   9.28710e-03             2.66530e-02             2.48300e-01
   9.57152e-03             2.79795e-02             2.48300e-01
   9.76885e-03             2.89934e-02             2.48300e-01
   9.90162e-03             2.96757e-02             2.48300e-01
   9.97106e-03             3.00178e-02             2.48300e-01

   9.23900e-03             2.92705e-02             2.67000e-01
   9.21830e-03             2.89244e-02             2.67000e-01
   9.17714e-03             2.82360e-02             2.67000e-01
   9.11596e-03             2.72128e-02             2.67000e-01
   9.03081e-03             2.58675e-02             2.67000e-01
   8.90372e-03             2.42207e-02             2.67000e-01
   8.75457e-03             2.22848e-02             2.67000e-01
   8.58527e-03             2.00808e-02             2.67000e-01
   8.38796e-03             1.76360e-02             2.67000e-01
   8.16066e-03             1.49784e-02             2.67000e-01
   7.89348e-03             1.21410e-02             2.67000e-01
   7.57241e-03             9.16036e-03             2.67000e-01
   7.18302e-03             6.07472e-03             2.67000e-01
   6.71176e-03             2.92352e-03             2.67000e-01
   6.14688e-03            -2.53373e-04             2.67000e-01
   5.47879e-03            -3.41617e-03             2.67000e-01
   4.69987e-03            -6.52550e-03             2.67000e-01
   3.80610e-03            -9.54334e-03             2.67000e-01
   2.80194e-03            -1.24349e-02             2.67000e-01
   1.70723e-03            -1.51714e-02             2.67000e-01
   5.48556e-04            -1.77274e-02             2.67000e-01
  -6.45472e-04            -2.00798e-02             2.67000e-01
  -1.84151e-03            -2.22094e-02             2.67000e-01
  -3.06974e-03            -2.40792e-02             2.67000e-01
  -4.22060e-03            -2.56989e-02             2.67000e-01
  -5.33965e-03            -2.70325e-02             2.67000e-01
  -6.39140e-03            -2.80728e-02             2.67000e-01
  -7.30255e-03            -2.88277e-02             2.67000e-01
  -8.09216e-03            -2.92799e-02             2.67000e-01
  -9.23900e-03            -2.92705e-02             2.67000e-01
  -9.54802e-03            -2.88204e-02             2.67000e-01
  -9.82526e-03            -2.80314e-02             2.67000e-01
  -9.86134e-03            -2.69775e-02             2.67000e-01
  -9.78504e-03            -2.56294e-02             2.67000e-01
  -9.58542e-03            -2.40056e-02             2.67000e-01
  -9.25765e-03            -2.21260e-02             2.67000e-01
  -8.81459e-03            -2.00085e-02             2.67000e-01
  -8.26024e-03            -1.76763e-02             2.67000e-01
  -7.59641e-03            -1.51565e-02             2.67000e-01
  -6.81989e-03            -1.24799e-02             2.67000e-01
  -5.93004e-03            -9.67876e-03             2.67000e-01
  -4.92356e-03            -6.78790e-03             2.67000e-01
  -3.80346e-03            -3.84150e-03             2.67000e-01
  -2.59129e-03            -8.68919e-04             2.67000e-01
  -1.31500e-03             2.10190e-03             2.67000e-01
  -5.82029e-06             5.04386e-03             2.67000e-01
   1.30408e-03             7.93035e-03             2.67000e-01
   2.58432e-03             1.07348e-02             2.67000e-01
   3.80406e-03             1.34318e-02             2.67000e-01
   4.93290e-03             1.59972e-02             2.67000e-01
   5.94830e-03             1.84060e-02             2.67000e-01
   6.83831e-03             2.06322e-02             2.67000e-01
   7.57634e-03             2.26567e-02             2.67000e-01
   8.15845e-03             2.44560e-02             2.67000e-01
   8.62654e-03             2.59951e-02             2.67000e-01
   8.88336e-03             2.72862e-02             2.67000e-01
   9.06020e-03             2.82729e-02             2.67000e-01
   9.17918e-03             2.89368e-02             2.67000e-01
   9.24154e-03             2.92697e-02             2.67000e-01

   8.60670e-03             2.85084e-02             2.85700e-01
   8.59084e-03             2.81724e-02             2.85700e-01
   8.55928e-03             2.75040e-02             2.85700e-01
   8.51238e-03             2.65106e-02             2.85700e-01
   8.44616e-03             2.52045e-02             2.85700e-01
   8.34290e-03             2.36054e-02             2.85700e-01
   8.22177e-03             2.17255e-02             2.85700e-01
   8.08435e-03             1.95853e-02             2.85700e-01
   7.92269e-03             1.72111e-02             2.85700e-01
   7.73453e-03             1.46301e-02             2.85700e-01
   7.50987e-03             1.18743e-02             2.85700e-01
   7.23467e-03             8.97881e-03             2.85700e-01
   6.89446e-03             5.98063e-03             2.85700e-01
   6.47564e-03             2.91785e-03             2.85700e-01
   5.96629e-03            -1.70992e-04             2.85700e-01
   5.35666e-03            -3.24742e-03             2.85700e-01
   4.63885e-03            -6.27332e-03             2.85700e-01
   3.80852e-03            -9.21187e-03             2.85700e-01
   2.86955e-03            -1.20293e-02             2.85700e-01
   1.84086e-03            -1.46973e-02             2.85700e-01
   7.47914e-04            -1.71910e-02             2.85700e-01
  -3.81806e-04            -1.94877e-02             2.85700e-01
  -1.51619e-03            -2.15682e-02             2.85700e-01
  -2.68496e-03            -2.33971e-02             2.85700e-01
  -3.78172e-03            -2.49824e-02             2.85700e-01
  -4.85111e-03            -2.62898e-02             2.85700e-01
  -5.85877e-03            -2.73117e-02             2.85700e-01
  -6.73351e-03            -2.80552e-02             2.85700e-01
  -7.49402e-03            -2.85035e-02             2.85700e-01
  -8.60670e-03            -2.85084e-02             2.85700e-01
  -8.91197e-03            -2.80754e-02             2.85700e-01
  -9.19053e-03            -2.73134e-02             2.85700e-01
  -9.23836e-03            -2.62914e-02             2.85700e-01
  -9.18074e-03            -2.49827e-02             2.85700e-01
  -9.00685e-03            -2.34049e-02             2.85700e-01
  -8.71175e-03            -2.15776e-02             2.85700e-01
  -8.30770e-03            -1.95179e-02             2.85700e-01
  -7.79830e-03            -1.72487e-02             2.85700e-01
  -7.18497e-03            -1.47961e-02             2.85700e-01
  -6.46422e-03            -1.21900e-02             2.85700e-01
  -5.63506e-03            -9.46173e-03             2.85700e-01
  -4.69383e-03            -6.64500e-03             2.85700e-01
  -3.64306e-03            -3.77300e-03             2.85700e-01
  -2.50328e-03            -8.74492e-04             2.85700e-01
  -1.30129e-03             2.02310e-03             2.85700e-01
  -6.70322e-05             4.89308e-03             2.85700e-01
   1.16860e-03             7.70927e-03             2.85700e-01
   2.37645e-03             1.04455e-02             2.85700e-01
   3.52693e-03             1.30768e-02             2.85700e-01
   4.59081e-03             1.55792e-02             2.85700e-01
   5.54656e-03             1.79285e-02             2.85700e-01
   6.38288e-03             2.00990e-02             2.85700e-01
   7.07422e-03             2.20719e-02             2.85700e-01
   7.61704e-03             2.38245e-02             2.85700e-01
   8.05241e-03             2.53233e-02             2.85700e-01
   8.28584e-03             2.65790e-02             2.85700e-01
   8.44539e-03             2.75384e-02             2.85700e-01
   8.55274e-03             2.81839e-02             2.85700e-01
   8.60911e-03             2.85077e-02             2.85700e-01

   8.03061e-03             2.77105e-02             3.04400e-01
   8.01886e-03             2.73848e-02             3.04400e-01
   7.99549e-03             2.67370e-02             3.04400e-01
   7.96076e-03             2.57742e-02             3.04400e-01
   7.91068e-03             2.45081e-02             3.04400e-01
   7.82788e-03             2.29579e-02             3.04400e-01
   7.73079e-03             2.11354e-02             3.04400e-01
   7.62073e-03             1.90606e-02             3.04400e-01
   7.48971e-03             1.67588e-02             3.04400e-01
   7.33524e-03             1.42565e-02             3.04400e-01
   7.14729e-03             1.15843e-02             3.04400e-01
   6.91189e-03             8.77628e-03             3.04400e-01
   6.61463e-03             5.86809e-03             3.04400e-01
   6.24189e-03             2.89648e-03             3.04400e-01
   5.78175e-03            -1.01353e-04             3.04400e-01
   5.22432e-03            -3.08824e-03             3.04400e-01
   4.56154e-03            -6.02735e-03             3.04400e-01
   3.78882e-03            -8.88305e-03             3.04400e-01
   2.90955e-03            -1.16226e-02             3.04400e-01
   1.94174e-03            -1.42183e-02             3.04400e-01
   9.09812e-04            -1.66459e-02             3.04400e-01
  -1.59865e-04            -1.88830e-02             3.04400e-01
  -1.23639e-03            -2.09108e-02             3.04400e-01
  -2.34894e-03            -2.26951e-02             3.04400e-01
  -3.39435e-03            -2.42427e-02             3.04400e-01
  -4.41624e-03            -2.55208e-02             3.04400e-01
  -5.38141e-03            -2.65217e-02             3.04400e-01
  -6.22081e-03            -2.72513e-02             3.04400e-01
  -6.95273e-03            -2.76938e-02             3.04400e-01
  -8.03061e-03            -2.77105e-02             3.04400e-01
  -8.33100e-03            -2.72944e-02             3.04400e-01
  -8.60907e-03            -2.65592e-02             3.04400e-01
  -8.66642e-03            -2.55697e-02             3.04400e-01
  -8.62471e-03            -2.43012e-02             3.04400e-01
  -8.47325e-03            -2.27708e-02             3.04400e-01
  -8.20706e-03            -2.09974e-02             3.04400e-01
  -7.83783e-03            -1.89977e-02             3.04400e-01
  -7.36880e-03            -1.67939e-02             3.04400e-01
  -6.80106e-03            -1.44113e-02             3.04400e-01
  -6.13092e-03            -1.18788e-02             3.04400e-01
  -5.35705e-03            -9.22688e-03             3.04400e-01
  -4.47558e-03            -6.48799e-03             3.04400e-01
  -3.48859e-03            -3.69440e-03             3.04400e-01
  -2.41566e-03            -8.74151e-04             3.04400e-01
  -1.28244e-03             1.94587e-03             3.04400e-01
  -1.17670e-04             4.73950e-03             3.04400e-01
   1.04902e-03             7.48102e-03             3.04400e-01
   2.18965e-03             1.01448e-02             3.04400e-01
   3.27582e-03             1.27063e-02             3.04400e-01
   4.27950e-03             1.51420e-02             3.04400e-01
   5.18007e-03             1.74282e-02             3.04400e-01
   5.96688e-03             1.95399e-02             3.04400e-01
   6.61536e-03             2.14587e-02             3.04400e-01
   7.12233e-03             2.31623e-02             3.04400e-01
   7.52795e-03             2.46190e-02             3.04400e-01
   7.74056e-03             2.58380e-02             3.04400e-01
   7.88478e-03             2.67691e-02             3.04400e-01
   7.98182e-03             2.73956e-02             3.04400e-01
   8.03287e-03             2.77099e-02             3.04400e-01

   7.50018e-03             2.68853e-02             3.23100e-01
   7.49197e-03             2.65701e-02             3.23100e-01
   7.47565e-03             2.59432e-02             3.23100e-01
   7.45139e-03             2.50114e-02             3.23100e-01
   7.41521e-03             2.37861e-02             3.23100e-01
   7.35014e-03             2.22856e-02             3.23100e-01
   7.27389e-03             2.05216e-02             3.23100e-01
   7.18754e-03             1.85133e-02             3.23100e-01
   7.08311e-03             1.62853e-02             3.23100e-01
   6.95794e-03             1.38630e-02             3.23100e-01
   6.80203e-03             1.12761e-02             3.23100e-01
   6.60153e-03             8.55729e-03             3.23100e-01
   6.34216e-03             5.74099e-03             3.23100e-01
   6.01038e-03             2.86261e-03             3.23100e-01
   5.59430e-03            -4.19841e-05             3.23100e-01
   5.08401e-03            -2.93693e-03             3.23100e-01
   4.47133e-03            -5.78669e-03             3.23100e-01
   3.75148e-03            -8.55681e-03             3.23100e-01
   2.92743e-03            -1.12156e-02             3.23100e-01
   2.01634e-03            -1.37361e-02             3.23100e-01
   1.04158e-03            -1.60946e-02             3.23100e-01
   2.84562e-05            -1.82692e-02             3.23100e-01
  -9.93322e-04            -2.02413e-02             3.23100e-01
  -2.05231e-03            -2.19782e-02             3.23100e-01
  -3.04865e-03            -2.34856e-02             3.23100e-01
  -4.02484e-03            -2.47319e-02             3.23100e-01
  -4.94885e-03            -2.57095e-02             3.23100e-01
  -5.75382e-03            -2.64235e-02             3.23100e-01
  -6.45759e-03            -2.68587e-02             3.23100e-01
  -7.50018e-03            -2.68853e-02             3.23100e-01
  -7.79482e-03            -2.64856e-02             3.23100e-01
  -8.07095e-03            -2.57771e-02             3.23100e-01
  -8.13603e-03            -2.48204e-02             3.23100e-01
  -8.10798e-03            -2.35928e-02             3.23100e-01
  -7.97630e-03            -2.21109e-02             3.23100e-01
  -7.73598e-03            -2.03927e-02             3.23100e-01
  -7.39818e-03            -1.84545e-02             3.23100e-01
  -6.96580e-03            -1.63180e-02             3.23100e-01
  -6.43967e-03            -1.40075e-02             3.23100e-01
  -5.81592e-03            -1.15512e-02             3.23100e-01
  -5.09299e-03            -8.97812e-03             3.23100e-01
  -4.26681e-03            -6.31995e-03             3.23100e-01
  -3.33908e-03            -3.60782e-03             3.23100e-01
  -2.32845e-03            -8.69087e-04             3.23100e-01
  -1.25951e-03             1.87002e-03             3.23100e-01
  -1.59794e-04             4.58390e-03             3.23100e-01
   9.42284e-04             7.24739e-03             3.23100e-01
   2.01991e-03             9.83542e-03             3.23100e-01
   3.04585e-03             1.23239e-02             3.23100e-01
   3.99320e-03             1.46900e-02             3.23100e-01
   4.84225e-03             1.69104e-02             3.23100e-01
   5.58294e-03             1.89609e-02             3.23100e-01
   6.19168e-03             2.08235e-02             3.23100e-01
   6.66561e-03             2.24766e-02             3.23100e-01
   7.04388e-03             2.38897e-02             3.23100e-01
   7.23774e-03             2.50710e-02             3.23100e-01
   7.36824e-03             2.59732e-02             3.23100e-01
   7.45604e-03             2.65802e-02             3.23100e-01
   7.50230e-03             2.68847e-02             3.23100e-01

   7.02108e-03             2.60479e-02             3.41800e-01
   7.01581e-03             2.57432e-02             3.41800e-01
   7.00535e-03             2.51371e-02             3.41800e-01
   6.98980e-03             2.42363e-02             3.41800e-01
   6.96521e-03             2.30518e-02             3.41800e-01
   6.91504e-03             2.16010e-02             3.41800e-01
   6.85629e-03             1.98955e-02             3.41800e-01
   6.78984e-03             1.79538e-02             3.41800e-01
   6.70778e-03             1.57995e-02             3.41800e-01
   6.60733e-03             1.34573e-02             3.41800e-01
   6.47856e-03             1.09558e-02             3.41800e-01
   6.30781e-03             8.32644e-03             3.41800e-01
   6.08098e-03             5.60233e-03             3.41800e-01
   5.78472e-03             2.81760e-03             3.41800e-01
   5.40719e-03             6.81494e-06             3.41800e-01
   4.93851e-03            -2.79544e-03             3.41800e-01
   4.37051e-03            -5.55489e-03             3.41800e-01
   3.69825e-03            -8.23827e-03             3.41800e-01
   2.92434e-03            -1.08149e-02             3.41800e-01
   2.06513e-03            -1.32587e-02             3.41800e-01
   1.14302e-03            -1.55464e-02             3.41800e-01
   1.82270e-04            -1.76567e-02             3.41800e-01
  -7.88560e-04            -1.95714e-02             3.41800e-01
  -1.79735e-03            -2.12591e-02             3.41800e-01
  -2.74752e-03            -2.27244e-02             3.41800e-01
  -3.68044e-03            -2.39372e-02             3.41800e-01
  -4.56521e-03            -2.48899e-02             3.41800e-01
  -5.33715e-03            -2.55868e-02             3.41800e-01
  -6.01366e-03            -2.60133e-02             3.41800e-01
  -7.02108e-03            -2.60479e-02             3.41800e-01
  -7.30923e-03            -2.56641e-02             3.41800e-01
  -7.58211e-03            -2.49817e-02             3.41800e-01
  -7.65311e-03            -2.40575e-02             3.41800e-01
  -7.63640e-03            -2.28709e-02             3.41800e-01
  -7.52169e-03            -2.14375e-02             3.41800e-01
  -7.30398e-03            -1.97748e-02             3.41800e-01
  -6.99391e-03            -1.78988e-02             3.41800e-01
  -6.59412e-03            -1.58302e-02             3.41800e-01
  -6.10520e-03            -1.35927e-02             3.41800e-01
  -5.52316e-03            -1.12133e-02             3.41800e-01
  -4.84626e-03            -8.72040e-03             3.41800e-01
  -4.07028e-03            -6.14431e-03             3.41800e-01
  -3.19662e-03            -3.51521e-03             3.41800e-01
  -2.24306e-03            -8.59688e-04             3.41800e-01
  -1.23315e-03             1.79668e-03             3.41800e-01
  -1.93272e-04             4.42893e-03             3.41800e-01
   8.49310e-04             7.01250e-03             3.41800e-01
   1.86890e-03             9.52293e-03             3.41800e-01
   2.83938e-03             1.19367e-02             3.41800e-01
   3.73494e-03             1.42316e-02             3.41800e-01
   4.53673e-03             1.63847e-02             3.41800e-01
   5.23522e-03             1.83728e-02             3.41800e-01
   5.80778e-03             2.01781e-02             3.41800e-01
   6.25182e-03             2.17798e-02             3.41800e-01
   6.60545e-03             2.31488e-02             3.41800e-01
   6.78281e-03             2.42921e-02             3.41800e-01
   6.90128e-03             2.51652e-02             3.41800e-01
   6.98100e-03             2.57526e-02             3.41800e-01
   7.02306e-03             2.60474e-02             3.41800e-01

   6.75289e-03             2.51765e-02             3.60500e-01
   6.74817e-03             2.48821e-02             3.60500e-01
   6.73878e-03             2.42965e-02             3.60500e-01
   6.72482e-03             2.34261e-02             3.60500e-01
   6.70248e-03             2.22815e-02             3.60500e-01
   6.65573e-03             2.08797e-02             3.60500e-01
   6.60100e-03             1.92317e-02             3.60500e-01
   6.53911e-03             1.73555e-02             3.60500e-01
   6.46239e-03             1.52739e-02             3.60500e-01
   6.36812e-03             1.30107e-02             3.60500e-01
   6.24668e-03             1.05935e-02             3.60500e-01
   6.08484e-03             8.05274e-03             3.60500e-01
   5.86892e-03             5.42036e-03             3.60500e-01
   5.58598e-03             2.72933e-03             3.60500e-01
   5.22455e-03             1.30304e-05             3.60500e-01
   4.77505e-03            -2.69514e-03             3.60500e-01
   4.22952e-03            -5.36206e-03             3.60500e-01
   3.58316e-03            -7.95562e-03             3.60500e-01
   2.83846e-03            -1.04462e-02             3.60500e-01
   2.01119e-03            -1.28084e-02             3.60500e-01
   1.12295e-03            -1.50200e-02             3.60500e-01
   1.97161e-04            -1.70601e-02             3.60500e-01
  -7.38596e-04            -1.89113e-02             3.60500e-01
  -1.71130e-03            -2.05432e-02             3.60500e-01
  -2.62764e-03            -2.19601e-02             3.60500e-01
  -3.52760e-03            -2.31331e-02             3.60500e-01
  -4.38135e-03            -2.40547e-02             3.60500e-01
  -5.12639e-03            -2.47289e-02             3.60500e-01
  -5.77953e-03            -2.51419e-02             3.60500e-01
  -6.75289e-03            -2.51765e-02             3.60500e-01
  -7.03177e-03            -2.48060e-02             3.60500e-01
  -7.29624e-03            -2.41469e-02             3.60500e-01
  -7.36595e-03            -2.32541e-02             3.60500e-01
  -7.35122e-03            -2.21075e-02             3.60500e-01
  -7.24208e-03            -2.07224e-02             3.60500e-01
  -7.03372e-03            -1.91156e-02             3.60500e-01
  -6.73636e-03            -1.73026e-02             3.60500e-01
  -6.35254e-03            -1.53034e-02             3.60500e-01
  -5.88279e-03            -1.31409e-02             3.60500e-01
  -5.32325e-03            -1.08412e-02             3.60500e-01
  -4.67218e-03            -8.43164e-03             3.60500e-01
  -3.92548e-03            -5.94163e-03             3.60500e-01
  -3.08446e-03            -3.40029e-03             3.60500e-01
  -2.16628e-03            -8.33326e-04             3.60500e-01
  -1.19364e-03             1.73453e-03             3.60500e-01
  -1.92023e-04             4.27912e-03             3.60500e-01
   8.12265e-04             6.77667e-03             3.60500e-01
   1.79442e-03             9.20352e-03             3.60500e-01
   2.72925e-03             1.15370e-02             3.60500e-01
   3.59182e-03             1.37554e-02             3.60500e-01
   4.36397e-03             1.58367e-02             3.60500e-01
   5.03650e-03             1.77585e-02             3.60500e-01
   5.58757e-03             1.95035e-02             3.60500e-01
   6.01471e-03             2.10516e-02             3.60500e-01
   6.35475e-03             2.23748e-02             3.60500e-01
   6.52476e-03             2.34797e-02             3.60500e-01
   6.63819e-03             2.43234e-02             3.60500e-01
   6.71452e-03             2.48911e-02             3.60500e-01
   6.75474e-03             2.51760e-02             3.60500e-01

   6.36027e-03             2.43166e-02             3.79200e-01
   6.35749e-03             2.40327e-02             3.79200e-01
   6.35195e-03             2.34680e-02             3.79200e-01
   6.34372e-03             2.26287e-02             3.79200e-01
   6.32905e-03             2.15249e-02             3.79200e-01
   6.29238e-03             2.01729e-02             3.79200e-01
   6.24950e-03             1.85835e-02             3.79200e-01
   6.20108e-03             1.67741e-02             3.79200e-01
   6.13960e-03             1.47665e-02             3.79200e-01
   6.06229e-03             1.25836e-02             3.79200e-01
   5.95970e-03             1.02521e-02             3.79200e-01
   5.81889e-03             7.80127e-03             3.79200e-01
   5.62650e-03             5.26174e-03             3.79200e-01
   5.36983e-03             2.66525e-03             3.79200e-01
   5.03763e-03             4.39226e-05             3.79200e-01
   4.62045e-03            -2.57009e-03             3.79200e-01
   4.11044e-03            -5.14491e-03             3.79200e-01
   3.50277e-03            -7.64960e-03             3.79200e-01
   2.79965e-03            -1.00555e-02             3.79200e-01
   2.01614e-03            -1.23383e-02             3.79200e-01
   1.17294e-03            -1.44761e-02             3.79200e-01
   2.92506e-04            -1.64488e-02             3.79200e-01
  -5.98675e-04            -1.82394e-02             3.79200e-01
  -1.52680e-03            -1.98188e-02             3.79200e-01
  -2.40186e-03            -2.11905e-02             3.79200e-01
  -3.26260e-03            -2.23270e-02             3.79200e-01
  -4.08028e-03            -2.32207e-02             3.79200e-01
  -4.79463e-03            -2.38753e-02             3.79200e-01
  -5.42194e-03            -2.42774e-02             3.79200e-01
  -6.36027e-03            -2.43166e-02             3.79200e-01
  -6.63140e-03            -2.39611e-02             3.79200e-01
  -6.89038e-03            -2.33272e-02             3.79200e-01
  -6.96295e-03            -2.24667e-02             3.79200e-01
  -6.95563e-03            -2.13610e-02             3.79200e-01
  -6.85871e-03            -2.00248e-02             3.79200e-01
  -6.66744e-03            -1.84742e-02             3.79200e-01
  -6.39160e-03            -1.67242e-02             3.79200e-01
  -6.03350e-03            -1.47942e-02             3.79200e-01
  -5.59353e-03            -1.27062e-02             3.79200e-01
  -5.06781e-03            -1.04854e-02             3.79200e-01
  -4.45449e-03            -8.15815e-03             3.79200e-01
  -3.74944e-03            -5.75271e-03             3.79200e-01
  -2.95374e-03            -3.29720e-03             3.79200e-01
  -2.08380e-03            -8.16526e-04             3.79200e-01
  -1.16136e-03             1.66533e-03             3.79200e-01
  -2.10840e-04             4.12493e-03             3.79200e-01
   7.42542e-04             6.53919e-03             3.79200e-01
   1.67501e-03             8.88515e-03             3.79200e-01
   2.56240e-03             1.11407e-02             3.79200e-01
   3.38081e-03             1.32850e-02             3.79200e-01
   4.11284e-03             1.52966e-02             3.79200e-01
   4.74979e-03             1.71537e-02             3.79200e-01
   5.27068e-03             1.88395e-02             3.79200e-01
   5.67325e-03             2.03349e-02             3.79200e-01
   5.99320e-03             2.16128e-02             3.79200e-01
   6.15049e-03             2.26792e-02             3.79200e-01
   6.25480e-03             2.34934e-02             3.79200e-01
   6.32499e-03             2.40412e-02             3.79200e-01
   6.36200e-03             2.43162e-02             3.79200e-01

   5.94436e-03             2.34567e-02             3.97900e-01
   5.94377e-03             2.31834e-02             3.97900e-01
   5.94259e-03             2.26397e-02             3.97900e-01
   5.94083e-03             2.18316e-02             3.97900e-01
   5.93482e-03             2.07689e-02             3.97900e-01
   5.90946e-03             1.94670e-02             3.97900e-01
   5.87986e-03             1.79366e-02             3.97900e-01
   5.84655e-03             1.61942e-02             3.97900e-01
   5.80212e-03             1.42610e-02             3.97900e-01
   5.74374e-03             1.21590e-02             3.97900e-01
   5.66212e-03             9.91370e-03             3.97900e-01
   5.54458e-03             7.55317e-03             3.97900e-01
   5.37803e-03             5.10691e-03             3.97900e-01
   5.15001e-03             2.60535e-03             3.97900e-01
   4.84947e-03             7.93194e-05             3.97900e-01
   4.46707e-03            -2.44030e-03             3.97900e-01
   3.99500e-03            -4.92286e-03             3.97900e-01
   3.42840e-03            -7.33862e-03             3.97900e-01
   2.76918e-03            -9.66003e-03             3.97900e-01
   2.03167e-03            -1.18634e-02             3.97900e-01
   1.23562e-03            -1.39277e-02             3.97900e-01
   4.02525e-04            -1.58334e-02             3.97900e-01
  -4.42264e-04            -1.75638e-02             3.97900e-01
  -1.32417e-03            -1.90911e-02             3.97900e-01
  -2.15652e-03            -2.04181e-02             3.97900e-01
  -2.97681e-03            -2.15185e-02             3.97900e-01
  -3.75744e-03            -2.23849e-02             3.97900e-01
  -4.44034e-03            -2.30204e-02             3.97900e-01
  -5.04130e-03            -2.34121e-02             3.97900e-01
  -5.94436e-03            -2.34567e-02             3.97900e-01
  -6.20799e-03            -2.31164e-02             3.97900e-01
  -6.46197e-03            -2.25081e-02             3.97900e-01
  -6.53817e-03            -2.16802e-02             3.97900e-01
  -6.53924e-03            -2.06157e-02             3.97900e-01
  -6.45576e-03            -1.93286e-02             3.97900e-01
  -6.28302e-03            -1.78344e-02             3.97900e-01
  -6.03033e-03            -1.61476e-02             3.97900e-01
  -5.69977e-03            -1.42869e-02             3.97900e-01
  -5.29156e-03            -1.22736e-02             3.97900e-01
  -4.80176e-03            -1.01317e-02             3.97900e-01
  -4.22842e-03            -7.88671e-03             3.97900e-01
  -3.56734e-03            -5.56577e-03             3.97900e-01
  -2.81937e-03            -3.19598e-03             3.97900e-01
  -2.00010e-03            -8.01400e-04             3.97900e-01
  -1.13030e-03             1.59470e-03             3.97900e-01
  -2.33303e-04             3.96958e-03             3.97900e-01
   6.66782e-04             6.30083e-03             3.97900e-01
   1.54724e-03             8.56617e-03             3.97900e-01
   2.38495e-03             1.07442e-02             3.97900e-01
   3.15709e-03             1.28145e-02             3.97900e-01
   3.84704e-03             1.47565e-02             3.97900e-01
   4.44658e-03             1.65490e-02             3.97900e-01
   4.93566e-03             1.81758e-02             3.97900e-01
   5.31222e-03             1.96184e-02             3.97900e-01
   5.61085e-03             2.08510e-02             3.97900e-01
   5.75443e-03             2.18788e-02             3.97900e-01
   5.84887e-03             2.26634e-02             3.97900e-01
   5.91241e-03             2.31913e-02             3.97900e-01
   5.94597e-03             2.34563e-02             3.97900e-01

   5.55068e-03             2.25970e-02             4.16600e-01
   5.55204e-03             2.23341e-02             4.16600e-01
   5.55473e-03             2.18113e-02             4.16600e-01
   5.55873e-03             2.10342e-02             4.16600e-01
   5.56044e-03             2.00123e-02             4.16600e-01
   5.54522e-03             1.87603e-02             4.16600e-01
   5.52754e-03             1.72885e-02             4.16600e-01
   5.50778e-03             1.56129e-02             4.16600e-01
   5.47867e-03             1.37537e-02             4.16600e-01
   5.43733e-03             1.17321e-02             4.16600e-01
   5.37466e-03             9.57250e-03             4.16600e-01
   5.27826e-03             7.30188e-03             4.16600e-01
   5.13534e-03             4.94848e-03             4.16600e-01
   4.93371e-03             2.54147e-03             4.16600e-01
   4.66251e-03             1.10421e-04             4.16600e-01
   4.31255e-03            -2.31504e-03             4.16600e-01
   3.87611e-03            -4.70550e-03             4.16600e-01
   3.34830e-03            -7.03239e-03             4.16600e-01
   2.73077e-03            -9.26921e-03             4.16600e-01
   2.03712e-03            -1.13931e-02             4.16600e-01
   1.28621e-03            -1.33836e-02             4.16600e-01
   4.98553e-04            -1.52219e-02             4.16600e-01
  -3.01578e-04            -1.68917e-02             4.16600e-01
  -1.13883e-03            -1.83666e-02             4.16600e-01
  -1.92984e-03            -1.96484e-02             4.16600e-01
  -2.71085e-03            -2.07123e-02             4.16600e-01
  -3.45537e-03            -2.15509e-02             4.16600e-01
  -4.10754e-03            -2.21668e-02             4.16600e-01
  -4.68265e-03            -2.25477e-02             4.16600e-01
  -5.55068e-03            -2.25970e-02             4.16600e-01
  -5.80658e-03            -2.22716e-02             4.16600e-01
  -6.05508e-03            -2.16884e-02             4.16600e-01
  -6.13417e-03            -2.08929e-02             4.16600e-01
  -6.14271e-03            -1.98693e-02             4.16600e-01
  -6.07150e-03            -1.86311e-02             4.16600e-01
  -5.91592e-03            -1.71931e-02             4.16600e-01
  -5.68482e-03            -1.55694e-02             4.16600e-01
  -5.38007e-03            -1.37779e-02             4.16600e-01
  -5.00173e-03            -1.18391e-02             4.16600e-01
  -4.54584e-03            -9.77609e-03             4.16600e-01
  -4.01035e-03            -7.61333e-03             4.16600e-01
  -3.39102e-03            -5.37696e-03             4.16600e-01
  -2.68849e-03            -3.09298e-03             4.16600e-01
  -1.91758e-03            -7.84681e-04             4.16600e-01
  -1.09809e-03             1.52544e-03             4.16600e-01
  -2.52289e-04             3.81535e-03             4.16600e-01
   5.96781e-04             6.06333e-03             4.16600e-01
   1.42744e-03             8.24779e-03             4.16600e-01
   2.21762e-03             1.03480e-02             4.16600e-01
   2.94549e-03             1.23442e-02             4.16600e-01
   3.59525e-03             1.42163e-02             4.16600e-01
   4.15912e-03             1.59442e-02             4.16600e-01
   4.61794e-03             1.75119e-02             4.16600e-01
   4.96987e-03             1.89017e-02             4.16600e-01
   5.24834e-03             2.00890e-02             4.16600e-01
   5.37917e-03             2.10783e-02             4.16600e-01
   5.46445e-03             2.18335e-02             4.16600e-01
   5.52183e-03             2.23415e-02             4.16600e-01
   5.55217e-03             2.25966e-02             4.16600e-01
   5.55068e-03             2.25970e-02             4.16600e-01
   5.55204e-03             2.23341e-02             4.16600e-01
   5.55473e-03             2.18113e-02             4.16600e-01
   5.55873e-03             2.10342e-02             4.16600e-01
   5.56044e-03             2.00123e-02             4.16600e-01
   5.54522e-03             1.87603e-02             4.16600e-01
   5.52754e-03             1.72885e-02             4.16600e-01
   5.50778e-03             1.56129e-02             4.16600e-01
   5.47867e-03             1.37537e-02             4.16600e-01
   5.43733e-03             1.17321e-02             4.16600e-01
   5.37466e-03             9.57250e-03             4.16600e-01
   5.27826e-03             7.30188e-03             4.16600e-01
   5.13534e-03             4.94848e-03             4.16600e-01
   4.93371e-03             2.54147e-03             4.16600e-01
   4.66251e-03             1.10421e-04             4.16600e-01
   4.31255e-03            -2.31504e-03             4.16600e-01
   3.87611e-03            -4.70550e-03             4.16600e-01
   3.34830e-03            -7.03239e-03             4.16600e-01
   2.73077e-03            -9.26921e-03             4.16600e-01
   2.03712e-03            -1.13931e-02             4.16600e-01
   1.28621e-03            -1.33836e-02             4.16600e-01
   4.98553e-04            -1.52219e-02             4.16600e-01
  -3.01578e-04            -1.68917e-02             4.16600e-01
  -1.13883e-03            -1.83666e-02             4.16600e-01
  -1.92984e-03            -1.96484e-02             4.16600e-01
  -2.71085e-03            -2.07123e-02             4.16600e-01
  -3.45537e-03            -2.15509e-02             4.16600e-01
  -4.10754e-03            -2.21668e-02             4.16600e-01
  -4.68265e-03            -2.25477e-02             4.16600e-01
  -5.55068e-03            -2.25970e-02             4.16600e-01
  -5.80658e-03            -2.22716e-02             4.16600e-01
  -6.05508e-03            -2.16884e-02             4.16600e-01
  -6.13417e-03            -2.08929e-02             4.16600e-01
  -6.14271e-03            -1.98693e-02             4.16600e-01
  -6.07150e-03            -1.86311e-02             4.16600e-01
  -5.91592e-03            -1.71931e-02             4.16600e-01
  -5.68482e-03            -1.55694e-02             4.16600e-01
  -5.38007e-03            -1.37779e-02             4.16600e-01
  -5.00173e-03            -1.18391e-02             4.16600e-01
  -4.54584e-03            -9.77609e-03             4.16600e-01
  -4.01035e-03            -7.61333e-03             4.16600e-01
  -3.39102e-03            -5.37696e-03             4.16600e-01
  -2.68849e-03            -3.09298e-03             4.16600e-01
  -1.91758e-03            -7.84681e-04             4.16600e-01
  -1.09809e-03             1.52544e-03             4.16600e-01
  -2.52289e-04             3.81535e-03             4.16600e-01
   5.96781e-04             6.06333e-03             4.16600e-01
   1.42744e-03             8.24779e-03             4.16600e-01
   2.21762e-03             1.03480e-02             4.16600e-01
   2.94549e-03             1.23442e-02             4.16600e-01
   3.59525e-03             1.42163e-02             4.16600e-01
   4.15912e-03             1.59442e-02             4.16600e-01
   4.61794e-03             1.75119e-02             4.16600e-01
   4.96987e-03             1.89017e-02             4.16600e-01
   5.24834e-03             2.00890e-02             4.16600e-01
   5.37917e-03             2.10783e-02             4.16600e-01
   5.46445e-03             2.18335e-02             4.16600e-01
   5.52183e-03             2.23415e-02             4.16600e-01
   5.55217e-03             2.25966e-02             4.16600e-01

   5.20032e-03             2.17445e-02             4.35300e-01
   5.20317e-03             2.14919e-02             4.35300e-01
   5.20883e-03             2.09896e-02             4.35300e-01
   5.21725e-03             2.02430e-02             4.35300e-01
   5.22490e-03             1.92611e-02             4.35300e-01
   5.21764e-03             1.80581e-02             4.35300e-01
   5.20931e-03             1.66438e-02             4.35300e-01
   5.20018e-03             1.50337e-02             4.35300e-01
   5.18315e-03             1.32472e-02             4.35300e-01
   5.15533e-03             1.13045e-02             4.35300e-01
   5.10782e-03             9.22916e-03             4.35300e-01
   5.02855e-03             7.04691e-03             4.35300e-01
   4.90507e-03             4.78486e-03             4.35300e-01
   4.72550e-03             2.47094e-03             4.35300e-01
   4.47922e-03             1.33525e-04             4.35300e-01
   4.15724e-03            -2.19899e-03             4.35300e-01
   3.75196e-03            -4.49838e-03             4.35300e-01
   3.25852e-03            -6.73723e-03             4.35300e-01
   2.67833e-03            -8.89006e-03             4.35300e-01
   2.02435e-03            -1.09349e-02             4.35300e-01
   1.31456e-03            -1.28518e-02             4.35300e-01
   5.68575e-04            -1.46227e-02             4.35300e-01
  -1.90391e-04            -1.62318e-02             4.35300e-01
  -9.86168e-04            -1.76538e-02             4.35300e-01
  -1.73866e-03            -1.88901e-02             4.35300e-01
  -2.48281e-03            -1.99169e-02             4.35300e-01
  -3.19323e-03            -2.07271e-02             4.35300e-01
  -3.81624e-03            -2.13226e-02             4.35300e-01
  -4.36658e-03            -2.16920e-02             4.35300e-01
  -5.20032e-03            -2.17445e-02             4.35300e-01
  -5.44811e-03            -2.14333e-02             4.35300e-01
  -5.69030e-03            -2.08744e-02             4.35300e-01
  -5.77098e-03            -2.01106e-02             4.35300e-01
  -5.78520e-03            -1.91271e-02             4.35300e-01
  -5.72407e-03            -1.79370e-02             4.35300e-01
  -5.58304e-03            -1.65544e-02             4.35300e-01
  -5.37054e-03            -1.49930e-02             4.35300e-01
  -5.08827e-03            -1.32699e-02             4.35300e-01
  -4.73616e-03            -1.14047e-02             4.35300e-01
  -4.31026e-03            -9.41990e-03             4.35300e-01
  -3.80847e-03            -7.33870e-03             4.35300e-01
  -3.22656e-03            -5.18628e-03             4.35300e-01
  -2.56498e-03            -2.98764e-03             4.35300e-01
  -1.83785e-03            -7.65225e-04             4.35300e-01
  -1.06405e-03             1.45923e-03             4.35300e-01
  -2.64853e-04             3.66441e-03             4.35300e-01
   5.37734e-04             5.82933e-03             4.35300e-01
   1.32300e-03             7.93312e-03             4.35300e-01
   2.06987e-03             9.95570e-03             4.35300e-01
   2.75749e-03             1.18780e-02             4.35300e-01
   3.37078e-03             1.36806e-02             4.35300e-01
   3.90241e-03             1.53441e-02             4.35300e-01
   4.33403e-03             1.68532e-02             4.35300e-01
   4.66400e-03             1.81905e-02             4.35300e-01
   4.92457e-03             1.93330e-02             4.35300e-01
   5.04446e-03             2.02843e-02             4.35300e-01
   5.12196e-03             2.10104e-02             4.35300e-01
   5.17410e-03             2.14989e-02             4.35300e-01
   5.20169e-03             2.17441e-02             4.35300e-01
